15 0.320359 0.087000 0.017964 0.010000
15 0.308383 0.086000 0.017964 0.012000
15 0.538922 0.112000 0.035928 0.012000
15 0.413174 0.239000 0.035928 0.010000
15 0.392216 0.241000 0.017964 0.010000
16 0.604790 0.436000 0.191617 0.044000
16 0.763473 0.466000 0.077844 0.024000
16 0.529940 0.116000 0.101796 0.036000
16 0.317365 0.098000 0.119760 0.028000
16 0.407186 0.247000 0.071856 0.042000
16 0.793413 0.166000 0.089820 0.028000
16 0.736527 0.228000 0.059880 0.020000
16 0.856287 0.282000 0.035928 0.016000
16 0.811377 0.284000 0.065868 0.024000
