15 0.412281 0.365000 0.017544 0.010000
15 0.535088 0.443000 0.011696 0.010000
15 0.546784 0.435000 0.011696 0.010000
15 0.559942 0.436000 0.014620 0.012000
15 0.442982 0.117000 0.026316 0.014000
16 0.441520 0.128000 0.064327 0.044000
16 0.404971 0.371000 0.061404 0.038000
16 0.549708 0.444000 0.070175 0.048000
16 0.691520 0.561000 0.055556 0.034000
16 0.726608 0.596000 0.038012 0.024000
16 0.614035 0.534000 0.040936 0.020000
16 0.608187 0.561000 0.052632 0.030000
16 0.650585 0.568000 0.038012 0.028000
16 0.187135 0.548000 0.040936 0.036000
