15 0.877000 0.702667 0.134000 0.216000
15 0.509000 0.578667 0.370000 0.469333
15 0.230000 0.734667 0.160000 0.269333
15 0.200000 0.930667 0.144000 0.138667
15 0.208000 0.522667 0.172000 0.213333
15 0.129000 0.346667 0.154000 0.240000
15 0.058000 0.338667 0.112000 0.245333
15 0.021000 0.586667 0.034000 0.202667
15 0.069000 0.150667 0.126000 0.189333
15 0.363000 0.226667 0.150000 0.160000
15 0.398000 0.326667 0.128000 0.082667
15 0.458000 0.266667 0.036000 0.069333
15 0.504000 0.326667 0.080000 0.072000
15 0.602000 0.342667 0.120000 0.173333
15 0.728000 0.358667 0.128000 0.242667
15 0.843000 0.406667 0.118000 0.285333
15 0.792000 0.178667 0.132000 0.240000
15 0.637000 0.174667 0.154000 0.226667
15 0.291000 0.118667 0.150000 0.157333
15 0.558000 0.114667 0.140000 0.224000
15 0.695000 0.060000 0.106000 0.114667
16 0.432000 0.501333 0.852000 0.997333
