15 0.214912 0.340000 0.014620 0.008000
15 0.223684 0.343000 0.008772 0.014000
15 0.274854 0.451000 0.011696 0.006000
15 0.263158 0.447000 0.011696 0.010000
15 0.274854 0.444000 0.011696 0.012000
15 0.796784 0.325000 0.020468 0.014000
16 0.226608 0.349000 0.067251 0.042000
16 0.277778 0.452000 0.052632 0.044000
16 0.643275 0.454000 0.035088 0.032000
16 0.657895 0.423000 0.029240 0.026000
16 0.709064 0.267000 0.043860 0.034000
16 0.796784 0.329000 0.038012 0.038000
16 0.809942 0.365000 0.035088 0.050000
16 0.754386 0.344000 0.046784 0.032000
16 0.744152 0.368000 0.038012 0.028000
