15 0.227405 0.306000 0.017493 0.008000
15 0.243440 0.455000 0.020408 0.014000
15 0.294461 0.462000 0.017493 0.008000
15 0.153061 0.498000 0.020408 0.012000
15 0.220117 0.473000 0.014577 0.006000
15 0.276968 0.491000 0.023324 0.014000
15 0.237609 0.487000 0.020408 0.006000
15 0.233236 0.500000 0.011662 0.008000
15 0.256560 0.527000 0.017493 0.010000
15 0.769679 0.302000 0.023324 0.012000
15 0.797376 0.451000 0.026239 0.018000
15 0.835277 0.462000 0.014577 0.016000
15 0.849854 0.463000 0.020408 0.014000
15 0.747813 0.461000 0.020408 0.014000
15 0.760933 0.491000 0.011662 0.010000
15 0.771137 0.505000 0.014577 0.010000
15 0.765306 0.517000 0.026239 0.014000
16 0.228863 0.310000 0.061224 0.044000
16 0.164723 0.482000 0.032070 0.028000
16 0.153061 0.501000 0.037901 0.038000
16 0.202624 0.490000 0.037901 0.036000
16 0.282799 0.503000 0.040816 0.042000
16 0.298834 0.465000 0.037901 0.030000
16 0.771137 0.308000 0.067055 0.044000
16 0.892128 0.325000 0.058309 0.046000
16 0.740525 0.465000 0.040816 0.022000
16 0.804665 0.451000 0.040816 0.042000
16 0.841108 0.471000 0.032070 0.046000
16 0.860058 0.471000 0.029155 0.034000
16 0.763848 0.510000 0.046647 0.044000
