15 0.498538 0.457000 0.014620 0.010000
15 0.491228 0.453000 0.017544 0.014000
15 0.478070 0.453000 0.008772 0.010000
15 0.412281 0.385000 0.017544 0.014000
15 0.423977 0.385000 0.011696 0.010000
15 0.435673 0.385000 0.011696 0.010000
15 0.444444 0.318000 0.017544 0.020000
15 0.434211 0.316000 0.014620 0.008000
15 0.418129 0.319000 0.017544 0.014000
15 0.415205 0.327000 0.017544 0.010000
15 0.540936 0.306000 0.011696 0.012000
15 0.530702 0.299000 0.014620 0.010000
15 0.510234 0.294000 0.008772 0.008000
15 0.501462 0.295000 0.014620 0.010000
15 0.495614 0.303000 0.020468 0.014000
15 0.492690 0.313000 0.020468 0.014000
15 0.701754 0.287000 0.017544 0.022000
15 0.681287 0.282000 0.011696 0.008000
15 0.675439 0.286000 0.011696 0.016000
15 0.666667 0.291000 0.011696 0.010000
15 0.659357 0.293000 0.014620 0.010000
15 0.660819 0.301000 0.017544 0.010000
15 0.614035 0.255000 0.011696 0.006000
15 0.609649 0.251000 0.008772 0.010000
15 0.602339 0.251000 0.011696 0.014000
15 0.592105 0.249000 0.014620 0.010000
15 0.583333 0.253000 0.014620 0.014000
15 0.576023 0.254000 0.011696 0.008000
15 0.524854 0.170000 0.014620 0.016000
15 0.520468 0.153000 0.017544 0.010000
15 0.523392 0.146000 0.017544 0.008000
15 0.532164 0.143000 0.017544 0.014000
15 0.546784 0.142000 0.011696 0.012000
15 0.558480 0.145000 0.017544 0.014000
16 0.536550 0.158000 0.084795 0.064000
16 0.593567 0.254000 0.081871 0.044000
16 0.690058 0.296000 0.076023 0.048000
16 0.513158 0.312000 0.073099 0.048000
16 0.421053 0.325000 0.087719 0.046000
16 0.426901 0.400000 0.087719 0.052000
16 0.488304 0.459000 0.070175 0.034000
