15 0.362573 0.396000 0.017544 0.016000
15 0.378655 0.394000 0.020468 0.008000
15 0.396199 0.394000 0.020468 0.012000
15 0.454678 0.284000 0.020468 0.016000
15 0.475146 0.280000 0.020468 0.008000
15 0.497076 0.283000 0.023392 0.018000
15 0.478070 0.225000 0.014620 0.010000
15 0.494152 0.224000 0.011696 0.008000
15 0.504386 0.224000 0.008772 0.008000
15 0.519006 0.203000 0.014620 0.014000
15 0.526316 0.181000 0.017544 0.010000
15 0.551170 0.181000 0.020468 0.014000
15 0.634503 0.241000 0.017544 0.010000
15 0.653509 0.243000 0.014620 0.010000
15 0.595029 0.384000 0.014620 0.016000
15 0.494152 0.361000 0.017544 0.018000
15 0.605263 0.364000 0.011696 0.012000
15 0.616959 0.365000 0.017544 0.010000
15 0.635965 0.367000 0.008772 0.014000
15 0.595029 0.479000 0.014620 0.014000
15 0.663743 0.491000 0.017544 0.014000
15 0.675439 0.489000 0.011696 0.014000
15 0.687135 0.492000 0.005848 0.008000
15 0.694444 0.491000 0.008772 0.010000
16 0.377193 0.404000 0.076023 0.060000
16 0.679825 0.498000 0.061404 0.052000
16 0.612573 0.370000 0.061404 0.052000
16 0.583333 0.481000 0.049708 0.038000
16 0.638889 0.247000 0.067251 0.038000
16 0.536550 0.189000 0.078947 0.046000
16 0.492690 0.230000 0.061404 0.048000
16 0.475146 0.286000 0.073099 0.056000
