15 0.370667 0.501000 0.021333 0.014000
15 0.354667 0.498000 0.021333 0.016000
15 0.330667 0.494000 0.021333 0.016000
15 0.332000 0.479000 0.024000 0.014000
15 0.314667 0.445000 0.032000 0.018000
15 0.342667 0.441000 0.018667 0.014000
15 0.306667 0.426000 0.058667 0.016000
15 0.298667 0.401000 0.053333 0.018000
15 0.310667 0.411000 0.040000 0.018000
15 0.290667 0.383000 0.058667 0.022000
15 0.306667 0.359000 0.074667 0.042000
15 0.314667 0.342000 0.048000 0.028000
15 0.342667 0.342000 0.029333 0.044000
15 0.364000 0.335000 0.024000 0.042000
15 0.382667 0.326000 0.045333 0.040000
15 0.418667 0.327000 0.026667 0.038000
15 0.446667 0.295000 0.040000 0.014000
15 0.442667 0.280000 0.037333 0.012000
15 0.456000 0.267000 0.032000 0.010000
15 0.462667 0.253000 0.034667 0.014000
15 0.450667 0.244000 0.021333 0.012000
15 0.466667 0.233000 0.032000 0.014000
15 0.482667 0.201000 0.032000 0.022000
15 0.476000 0.214000 0.024000 0.012000
15 0.510667 0.187000 0.024000 0.022000
15 0.532000 0.184000 0.024000 0.016000
15 0.554667 0.175000 0.026667 0.030000
15 0.582667 0.183000 0.024000 0.030000
15 0.602667 0.175000 0.026667 0.026000
15 0.626667 0.186000 0.016000 0.028000
15 0.638667 0.185000 0.013333 0.022000
15 0.654667 0.179000 0.013333 0.026000
15 0.662667 0.191000 0.024000 0.018000
15 0.538667 0.229000 0.037333 0.038000
15 0.510667 0.256000 0.034667 0.020000
15 0.510667 0.231000 0.024000 0.022000
15 0.606667 0.283000 0.029333 0.026000
15 0.648000 0.276000 0.032000 0.036000
15 0.686667 0.202000 0.024000 0.024000
15 0.658667 0.234000 0.026667 0.028000
15 0.706667 0.295000 0.037333 0.022000
15 0.726667 0.287000 0.040000 0.026000
15 0.728000 0.270000 0.048000 0.020000
15 0.724000 0.252000 0.024000 0.012000
15 0.730667 0.244000 0.032000 0.012000
15 0.714667 0.235000 0.021333 0.014000
15 0.710667 0.220000 0.024000 0.016000
15 0.698667 0.219000 0.010667 0.014000
15 0.470667 0.318000 0.029333 0.016000
16 0.570667 0.252000 0.389333 0.220000
16 0.341333 0.414000 0.192000 0.252000
