15 0.166667 0.439000 0.011696 0.010000
15 0.166667 0.422000 0.011696 0.008000
15 0.169591 0.416000 0.011696 0.004000
15 0.171053 0.409000 0.014620 0.014000
15 0.146199 0.398000 0.011696 0.008000
15 0.154971 0.395000 0.011696 0.010000
15 0.168129 0.397000 0.008772 0.014000
15 0.173977 0.544000 0.014620 0.016000
15 0.877193 0.424000 0.011696 0.008000
15 0.888889 0.423000 0.011696 0.010000
16 0.885965 0.430000 0.052632 0.036000
16 0.862573 0.527000 0.035088 0.026000
16 0.154971 0.406000 0.058480 0.040000
