15 0.446667 0.576000 0.013333 0.008000
15 0.530667 0.552000 0.010667 0.012000
15 0.538667 0.546000 0.010667 0.008000
15 0.538667 0.542000 0.010667 0.008000
15 0.550667 0.541000 0.008000 0.006000
15 0.558667 0.544000 0.002667 0.008000
15 0.562667 0.551000 0.010667 0.010000
15 0.466667 0.405000 0.010667 0.010000
15 0.478667 0.396000 0.013333 0.004000
15 0.494667 0.398000 0.008000 0.008000
15 0.498667 0.404000 0.016000 0.008000
16 0.481333 0.407000 0.072000 0.046000
16 0.549333 0.545000 0.048000 0.042000
16 0.450667 0.585000 0.053333 0.038000
16 0.572000 0.027000 0.050667 0.034000
