15 0.386667 0.609000 0.016000 0.010000
15 0.406667 0.608000 0.008000 0.012000
15 0.414667 0.608000 0.013333 0.012000
15 0.398667 0.574000 0.013333 0.012000
15 0.406667 0.574000 0.002667 0.008000
15 0.418667 0.574000 0.010667 0.008000
15 0.426667 0.510000 0.010667 0.012000
15 0.438667 0.507000 0.013333 0.014000
15 0.450667 0.505000 0.010667 0.014000
15 0.466667 0.508000 0.016000 0.016000
15 0.432000 0.446000 0.016000 0.008000
15 0.446667 0.444000 0.013333 0.012000
15 0.498667 0.405000 0.010667 0.014000
15 0.514667 0.405000 0.010667 0.014000
15 0.526667 0.406000 0.013333 0.016000
15 0.538667 0.432000 0.010667 0.012000
15 0.546667 0.431000 0.016000 0.010000
15 0.510667 0.386000 0.018667 0.016000
15 0.422667 0.282000 0.013333 0.012000
15 0.438667 0.282000 0.018667 0.008000
15 0.434667 0.291000 0.010667 0.010000
15 0.442667 0.273000 0.021333 0.010000
15 0.430667 0.278000 0.018667 0.008000
15 0.502667 0.316000 0.013333 0.008000
15 0.504000 0.308000 0.016000 0.008000
15 0.510667 0.307000 0.013333 0.010000
15 0.442667 0.255000 0.010667 0.014000
15 0.458667 0.250000 0.010667 0.012000
15 0.470667 0.254000 0.013333 0.012000
15 0.482667 0.262000 0.005333 0.020000
15 0.514667 0.224000 0.010667 0.008000
15 0.502667 0.229000 0.013333 0.014000
15 0.512000 0.236000 0.016000 0.012000
15 0.518667 0.185000 0.013333 0.018000
15 0.522667 0.179000 0.016000 0.014000
15 0.534667 0.176000 0.013333 0.008000
15 0.550667 0.186000 0.013333 0.016000
15 0.542667 0.185000 0.013333 0.010000
15 0.554667 0.258000 0.010667 0.012000
15 0.566667 0.254000 0.013333 0.012000
15 0.578667 0.257000 0.010667 0.010000
15 0.590667 0.264000 0.013333 0.016000
16 0.533333 0.184000 0.069333 0.032000
16 0.578667 0.266000 0.058667 0.040000
16 0.461333 0.257000 0.064000 0.038000
16 0.512000 0.400000 0.048000 0.040000
16 0.549333 0.439000 0.048000 0.030000
16 0.442667 0.447000 0.053333 0.034000
16 0.448000 0.508000 0.058667 0.036000
16 0.408000 0.575000 0.048000 0.034000
16 0.400000 0.613000 0.048000 0.030000
16 0.580000 0.629000 0.056000 0.042000
