15 0.333333 0.705000 0.023392 0.014000
15 0.320175 0.688000 0.014620 0.020000
15 0.328947 0.686000 0.014620 0.016000
15 0.673977 0.636000 0.014620 0.012000
15 0.757310 0.612000 0.011696 0.016000
15 0.723684 0.544000 0.008772 0.008000
15 0.730994 0.539000 0.011696 0.010000
15 0.739766 0.540000 0.011696 0.012000
15 0.750000 0.544000 0.014620 0.008000
15 0.710526 0.517000 0.005848 0.010000
15 0.687135 0.490000 0.011696 0.012000
15 0.698830 0.489000 0.011696 0.014000
15 0.707602 0.491000 0.011696 0.010000
15 0.713450 0.498000 0.011696 0.012000
15 0.656433 0.454000 0.026316 0.016000
15 0.548246 0.415000 0.020468 0.014000
15 0.529240 0.404000 0.017544 0.016000
15 0.516082 0.410000 0.014620 0.016000
15 0.517544 0.353000 0.023392 0.010000
15 0.478070 0.404000 0.014620 0.012000
15 0.410819 0.381000 0.020468 0.014000
15 0.393275 0.367000 0.014620 0.014000
15 0.377193 0.368000 0.017544 0.012000
15 0.366959 0.371000 0.020468 0.010000
15 0.578947 0.355000 0.011696 0.014000
15 0.589181 0.354000 0.008772 0.016000
15 0.595029 0.357000 0.008772 0.014000
15 0.608187 0.360000 0.011696 0.016000
15 0.533626 0.235000 0.014620 0.014000
15 0.492690 0.225000 0.014620 0.022000
15 0.504386 0.223000 0.014620 0.014000
15 0.519006 0.224000 0.014620 0.020000
16 0.510234 0.235000 0.067251 0.054000
16 0.385965 0.378000 0.087719 0.052000
16 0.590643 0.359000 0.070175 0.038000
16 0.529240 0.420000 0.052632 0.040000
16 0.483918 0.413000 0.049708 0.038000
16 0.324561 0.697000 0.058480 0.050000
16 0.650585 0.464000 0.049708 0.040000
16 0.700292 0.495000 0.055556 0.038000
16 0.735380 0.545000 0.049708 0.038000
16 0.754386 0.617000 0.058480 0.026000
