15 0.730667 0.858000 0.069333 0.068000
15 0.614667 0.810000 0.045333 0.068000
15 0.662667 0.712000 0.045333 0.072000
15 0.710667 0.615000 0.093333 0.050000
15 0.698667 0.566000 0.064000 0.028000
15 0.386667 0.520000 0.042667 0.044000
15 0.382667 0.478000 0.029333 0.020000
15 0.602667 0.497000 0.032000 0.042000
15 0.566667 0.473000 0.056000 0.074000
15 0.638667 0.519000 0.018667 0.050000
15 0.690667 0.530000 0.074667 0.028000
15 0.694667 0.509000 0.066667 0.022000
15 0.674667 0.485000 0.053333 0.026000
15 0.682667 0.461000 0.048000 0.030000
15 0.634667 0.434000 0.042667 0.056000
15 0.554667 0.410000 0.037333 0.044000
15 0.514667 0.429000 0.016000 0.046000
15 0.438667 0.427000 0.056000 0.058000
15 0.442667 0.394000 0.042667 0.036000
15 0.402667 0.370000 0.032000 0.028000
15 0.416000 0.343000 0.032000 0.030000
15 0.438667 0.322000 0.045333 0.040000
15 0.474667 0.320000 0.037333 0.036000
15 0.494667 0.311000 0.034667 0.046000
15 0.518667 0.312000 0.040000 0.064000
15 0.546667 0.319000 0.026667 0.050000
15 0.558667 0.324000 0.024000 0.056000
15 0.594667 0.338000 0.021333 0.056000
15 0.622667 0.343000 0.029333 0.058000
15 0.650667 0.371000 0.069333 0.018000
15 0.654667 0.385000 0.066667 0.026000
15 0.818667 0.899000 0.048000 0.026000
15 0.814667 0.854000 0.040000 0.028000
15 0.810667 0.838000 0.058667 0.024000
15 0.826667 0.813000 0.042667 0.034000
15 0.842667 0.807000 0.032000 0.034000
15 0.862667 0.805000 0.034667 0.030000
15 0.946667 0.829000 0.032000 0.014000
16 0.533333 0.381000 0.362667 0.202000
16 0.880000 0.825000 0.154667 0.094000
