16 0.282000 0.030030 0.040000 0.054054
16 0.133000 0.445946 0.042000 0.063063
16 0.200000 0.471471 0.040000 0.048048
16 0.285000 0.475976 0.030000 0.069069
16 0.471000 0.274775 0.034000 0.057057
16 0.430000 0.454955 0.032000 0.045045
16 0.504000 0.442943 0.036000 0.057057
16 0.525000 0.519520 0.026000 0.048048
16 0.776000 0.075075 0.040000 0.060060
16 0.759000 0.207207 0.042000 0.060060
16 0.730000 0.465465 0.028000 0.030030
16 0.847000 0.298799 0.030000 0.051051
16 0.780000 0.460961 0.020000 0.045045
16 0.808000 0.456456 0.024000 0.042042
