15 0.435000 0.346667 0.010000 0.021333
15 0.444000 0.338667 0.012000 0.010667
15 0.456000 0.346667 0.008000 0.016000
15 0.448000 0.386667 0.008000 0.010667
15 0.458000 0.386667 0.008000 0.010667
15 0.468000 0.390667 0.008000 0.013333
15 0.521000 0.410667 0.010000 0.010667
15 0.532000 0.414667 0.012000 0.018667
15 0.550000 0.394667 0.012000 0.021333
15 0.514000 0.338667 0.008000 0.016000
15 0.523000 0.336000 0.010000 0.016000
15 0.534000 0.338667 0.008000 0.021333
15 0.457000 0.238667 0.010000 0.013333
15 0.464000 0.234667 0.008000 0.016000
15 0.465000 0.202667 0.010000 0.016000
15 0.475000 0.202667 0.010000 0.016000
15 0.488000 0.206667 0.012000 0.018667
15 0.536000 0.390667 0.012000 0.013333
16 0.475000 0.205333 0.054000 0.048000
16 0.456000 0.238667 0.032000 0.050667
16 0.439000 0.346667 0.050000 0.042667
16 0.460000 0.393333 0.044000 0.056000
16 0.524000 0.346667 0.052000 0.058667
16 0.542000 0.404000 0.044000 0.034667
