15 0.290667 0.932000 0.069333 0.064000
15 0.366667 0.883000 0.040000 0.042000
15 0.326667 0.890000 0.056000 0.036000
15 0.498667 0.922000 0.048000 0.052000
15 0.626667 0.918000 0.042667 0.044000
15 0.586667 0.989000 0.048000 0.022000
15 0.672000 0.806000 0.080000 0.044000
15 0.234667 0.750000 0.080000 0.044000
15 0.246667 0.721000 0.050667 0.038000
15 0.526667 0.648000 0.104000 0.132000
15 0.670667 0.754000 0.066667 0.040000
15 0.662667 0.735000 0.045333 0.022000
15 0.622667 0.677000 0.072000 0.042000
15 0.658667 0.689000 0.037333 0.046000
15 0.698667 0.687000 0.048000 0.054000
15 0.346667 0.643000 0.053333 0.042000
15 0.246667 0.683000 0.034667 0.030000
15 0.214667 0.651000 0.077333 0.038000
15 0.286667 0.650000 0.061333 0.040000
15 0.226667 0.630000 0.037333 0.036000
15 0.290667 0.620000 0.042667 0.024000
15 0.234667 0.597000 0.053333 0.038000
15 0.254667 0.585000 0.050667 0.046000
15 0.286667 0.586000 0.061333 0.020000
15 0.338667 0.552000 0.042667 0.048000
15 0.286667 0.557000 0.050667 0.030000
15 0.294667 0.544000 0.034667 0.028000
15 0.274667 0.538000 0.037333 0.028000
15 0.578667 0.565000 0.053333 0.050000
15 0.682667 0.631000 0.064000 0.062000
15 0.662667 0.592000 0.050667 0.024000
15 0.314667 0.514000 0.096000 0.064000
15 0.366667 0.475000 0.098667 0.078000
15 0.482667 0.467000 0.090667 0.094000
15 0.430667 0.487000 0.050667 0.066000
15 0.566667 0.467000 0.077333 0.086000
15 0.594667 0.505000 0.042667 0.066000
15 0.626667 0.516000 0.053333 0.044000
15 0.646667 0.538000 0.050667 0.040000
15 0.654667 0.562000 0.050667 0.040000
15 0.474667 0.395000 0.133333 0.042000
15 0.404000 0.423000 0.072000 0.026000
15 0.666667 0.498000 0.058667 0.056000
15 0.634667 0.454000 0.085333 0.068000
15 0.566667 0.413000 0.066667 0.022000
16 0.462667 0.517000 0.616000 0.370000
