15 0.646667 0.706000 0.120000 0.084000
15 0.630667 0.776000 0.146667 0.096000
15 0.554667 0.814000 0.074667 0.084000
15 0.638667 0.823000 0.077333 0.062000
15 0.594667 0.863000 0.085333 0.038000
15 0.462667 0.851000 0.104000 0.050000
15 0.470667 0.801000 0.114667 0.090000
15 0.482667 0.743000 0.122667 0.090000
15 0.514667 0.673000 0.128000 0.078000
15 0.370667 0.793000 0.074667 0.078000
15 0.388000 0.700000 0.088000 0.052000
15 0.398667 0.649000 0.093333 0.054000
15 0.350667 0.722000 0.061333 0.052000
15 0.372000 0.538000 0.248000 0.172000
15 0.600000 0.570000 0.208000 0.180000
15 0.750667 0.520000 0.157333 0.176000
15 0.558667 0.431000 0.221333 0.110000
15 0.370667 0.435000 0.122667 0.046000
15 0.226667 0.619000 0.170667 0.154000
15 0.182667 0.467000 0.226667 0.150000
15 0.434667 0.345000 0.256000 0.074000
15 0.298667 0.389000 0.101333 0.054000
16 0.501333 0.617000 0.768000 0.570000
16 0.564000 0.064000 0.365333 0.116000
16 0.172000 0.046000 0.312000 0.080000
