15 0.532000 0.730000 0.024000 0.016000
15 0.502667 0.726000 0.018667 0.012000
15 0.520000 0.720000 0.016000 0.012000
15 0.536000 0.720000 0.016000 0.012000
15 0.388000 0.485000 0.024000 0.014000
15 0.382667 0.495000 0.013333 0.010000
15 0.406667 0.490000 0.013333 0.016000
15 0.410667 0.478000 0.021333 0.008000
15 0.426667 0.485000 0.010667 0.018000
15 0.440000 0.493000 0.016000 0.014000
15 0.454667 0.482000 0.018667 0.012000
15 0.458667 0.476000 0.021333 0.012000
15 0.474667 0.471000 0.016000 0.022000
15 0.482667 0.470000 0.010667 0.020000
15 0.486667 0.389000 0.018667 0.026000
15 0.498667 0.389000 0.021333 0.022000
15 0.518667 0.388000 0.018667 0.020000
15 0.510667 0.358000 0.013333 0.012000
15 0.522667 0.352000 0.016000 0.012000
15 0.534667 0.350000 0.018667 0.020000
15 0.550667 0.356000 0.018667 0.016000
15 0.594667 0.436000 0.016000 0.016000
15 0.604000 0.427000 0.024000 0.010000
15 0.618667 0.425000 0.021333 0.014000
15 0.630667 0.434000 0.013333 0.016000
16 0.524000 0.735000 0.050667 0.038000
16 0.614667 0.434000 0.077333 0.040000
16 0.504000 0.390000 0.058667 0.032000
16 0.533333 0.356000 0.069333 0.032000
16 0.469333 0.478000 0.048000 0.040000
16 0.404000 0.492000 0.077333 0.044000
