15 0.332000 0.915916 0.060000 0.084084
15 0.242000 0.953453 0.024000 0.051051
15 0.274000 0.974474 0.028000 0.033033
15 0.156000 0.974474 0.020000 0.021021
15 0.193000 0.977477 0.018000 0.021021
15 0.205000 0.962462 0.014000 0.021021
15 0.221000 0.962462 0.014000 0.033033
15 0.320000 0.803303 0.112000 0.171171
15 0.370000 0.747748 0.100000 0.138138
15 0.319000 0.654655 0.074000 0.096096
15 0.410000 0.687688 0.148000 0.216216
15 0.390000 0.566066 0.072000 0.075075
15 0.490000 0.621622 0.116000 0.354354
15 0.540000 0.620120 0.040000 0.081081
15 0.630000 0.648649 0.112000 0.372372
15 0.581000 0.642643 0.058000 0.270270
15 0.553000 0.572072 0.034000 0.135135
15 0.732000 0.683183 0.060000 0.207207
15 0.746000 0.728228 0.032000 0.141141
15 0.795000 0.792793 0.066000 0.222222
16 0.542000 0.747748 0.588000 0.504505
