15 0.091837 0.412000 0.066327 0.048000
15 0.137755 0.415000 0.025510 0.026000
15 0.201531 0.404000 0.071429 0.044000
15 0.165816 0.380000 0.035714 0.012000
15 0.223214 0.368000 0.063776 0.032000
15 0.295918 0.375000 0.071429 0.046000
15 0.293367 0.402000 0.030612 0.024000
15 0.316327 0.404000 0.020408 0.020000
15 0.191327 0.333000 0.086735 0.026000
15 0.161990 0.357000 0.033163 0.018000
15 0.136480 0.356000 0.033163 0.024000
15 0.107143 0.373000 0.030612 0.018000
15 0.048469 0.400000 0.035714 0.024000
15 0.568878 0.249000 0.020408 0.018000
15 0.548469 0.227000 0.051020 0.042000
15 0.516582 0.202000 0.048469 0.048000
15 0.566327 0.199000 0.051020 0.038000
15 0.603316 0.203000 0.043367 0.042000
15 0.524235 0.168000 0.053571 0.028000
15 0.466837 0.180000 0.056122 0.032000
15 0.484694 0.217000 0.030612 0.026000
15 0.408163 0.219000 0.045918 0.026000
15 0.406888 0.190000 0.053571 0.036000
15 0.366071 0.220000 0.038265 0.016000
15 0.376276 0.243000 0.043367 0.026000
15 0.366071 0.202000 0.017857 0.016000
15 0.409439 0.162000 0.053571 0.016000
15 0.443878 0.154000 0.030612 0.024000
15 0.463010 0.150000 0.033163 0.016000
15 0.491071 0.151000 0.033163 0.018000
15 0.756378 0.244000 0.073980 0.056000
15 0.706633 0.281000 0.040816 0.026000
15 0.709184 0.258000 0.040816 0.024000
15 0.693878 0.234000 0.056122 0.036000
15 0.715561 0.207000 0.022959 0.022000
15 0.735969 0.203000 0.012755 0.018000
15 0.771684 0.203000 0.053571 0.050000
15 0.790816 0.196000 0.051020 0.064000
15 0.823980 0.188000 0.040816 0.064000
15 0.846939 0.180000 0.040816 0.068000
15 0.894133 0.185000 0.038265 0.066000
15 0.866071 0.185000 0.022959 0.038000
15 0.918367 0.199000 0.040816 0.046000
15 0.923469 0.236000 0.030612 0.040000
15 0.954082 0.254000 0.045918 0.028000
16 0.483418 0.211000 0.288265 0.154000
16 0.808673 0.247000 0.280612 0.138000
16 0.174745 0.415000 0.272959 0.134000
16 0.127551 0.036000 0.250000 0.064000
