15 0.314667 0.318000 0.021333 0.012000
15 0.318667 0.311000 0.018667 0.014000
15 0.318667 0.301000 0.024000 0.006000
15 0.306667 0.290000 0.021333 0.012000
15 0.298667 0.281000 0.026667 0.014000
15 0.470667 0.150000 0.018667 0.012000
15 0.500000 0.140000 0.024000 0.012000
15 0.466667 0.161000 0.010667 0.010000
15 0.652000 0.173000 0.024000 0.014000
15 0.606667 0.115000 0.013333 0.014000
15 0.565333 0.121000 0.016000 0.014000
15 0.562667 0.115000 0.016000 0.010000
15 0.554667 0.114000 0.021333 0.016000
15 0.596000 0.100000 0.024000 0.024000
15 0.614667 0.101000 0.029333 0.018000
15 0.640000 0.108000 0.016000 0.024000
15 0.658667 0.115000 0.021333 0.026000
15 0.662667 0.134000 0.029333 0.016000
15 0.654667 0.149000 0.034667 0.022000
15 0.642667 0.159000 0.037333 0.010000
15 0.570667 0.103000 0.016000 0.010000
16 0.554667 0.174000 0.266667 0.108000
16 0.614667 0.138000 0.130667 0.100000
16 0.338667 0.292000 0.106667 0.112000
