15 0.370000 0.466667 0.012000 0.010667
15 0.376000 0.462667 0.012000 0.013333
15 0.379000 0.458667 0.010000 0.010667
15 0.404000 0.266667 0.012000 0.010667
15 0.408000 0.262667 0.012000 0.013333
15 0.420000 0.262667 0.012000 0.018667
15 0.440000 0.294667 0.008000 0.018667
15 0.450000 0.298667 0.012000 0.016000
15 0.499000 0.314667 0.006000 0.010667
15 0.508000 0.314667 0.008000 0.010667
15 0.531000 0.182667 0.006000 0.018667
15 0.539000 0.190667 0.010000 0.018667
15 0.507000 0.066667 0.010000 0.016000
15 0.516000 0.066667 0.012000 0.016000
16 0.508000 0.066667 0.044000 0.058667
16 0.536000 0.193333 0.036000 0.066667
16 0.408000 0.268000 0.036000 0.061333
16 0.436000 0.304000 0.036000 0.058667
16 0.504000 0.318667 0.024000 0.045333
16 0.375000 0.466667 0.038000 0.058667
