15 0.538000 0.711538 0.224000 0.346154
15 0.764000 0.732143 0.204000 0.271978
15 0.698000 0.890110 0.092000 0.153846
15 0.879000 0.804945 0.070000 0.126374
15 0.221000 0.850275 0.090000 0.118132
15 0.302000 0.670330 0.192000 0.269231
15 0.410000 0.484890 0.068000 0.096154
15 0.329000 0.475275 0.070000 0.076923
15 0.326000 0.355769 0.096000 0.096154
15 0.280000 0.420330 0.080000 0.087912
15 0.197000 0.505495 0.142000 0.225275
15 0.122000 0.473901 0.072000 0.255495
15 0.599000 0.510989 0.058000 0.082418
15 0.694000 0.557692 0.088000 0.098901
15 0.657000 0.453297 0.078000 0.098901
15 0.714000 0.416209 0.064000 0.090659
15 0.790000 0.478022 0.092000 0.148352
15 0.894000 0.527473 0.124000 0.115385
15 0.900000 0.403846 0.132000 0.071429
15 0.784000 0.346154 0.108000 0.120879
15 0.638000 0.344780 0.076000 0.118132
15 0.594000 0.300824 0.040000 0.052198
15 0.640000 0.252747 0.072000 0.098901
15 0.724000 0.263736 0.076000 0.120879
15 0.797000 0.228022 0.074000 0.126374
15 0.571000 0.212912 0.086000 0.096154
15 0.482000 0.217033 0.076000 0.082418
15 0.327000 0.254121 0.106000 0.107143
15 0.208000 0.295330 0.164000 0.140110
15 0.118000 0.328297 0.084000 0.063187
15 0.248000 0.152473 0.128000 0.173077
15 0.350000 0.160714 0.072000 0.107143
15 0.438000 0.151099 0.080000 0.109890
15 0.530000 0.112637 0.084000 0.120879
15 0.612000 0.083791 0.088000 0.074176
15 0.640000 0.166209 0.080000 0.096154
15 0.700000 0.122253 0.080000 0.118132
15 0.767000 0.103022 0.082000 0.107143
15 0.669000 0.038462 0.082000 0.071429
15 0.483000 0.034341 0.098000 0.063187
15 0.327000 0.038462 0.062000 0.060440
15 0.584000 0.023352 0.068000 0.041209
15 0.747000 0.030220 0.070000 0.054945
15 0.396000 0.057692 0.040000 0.065934
16 0.540000 0.512363 0.792000 0.975275
