15 0.586667 0.436000 0.016000 0.012000
15 0.582667 0.425000 0.018667 0.010000
15 0.582667 0.418000 0.013333 0.008000
15 0.512000 0.426000 0.016000 0.012000
15 0.518667 0.419000 0.029333 0.014000
15 0.528000 0.410000 0.016000 0.008000
15 0.538667 0.407000 0.010667 0.014000
15 0.546667 0.407000 0.010667 0.014000
15 0.562667 0.409000 0.021333 0.018000
15 0.358667 0.302000 0.013333 0.012000
15 0.358667 0.292000 0.024000 0.012000
15 0.362667 0.281000 0.021333 0.014000
15 0.370667 0.277000 0.016000 0.014000
15 0.378667 0.275000 0.016000 0.014000
15 0.386667 0.272000 0.010667 0.012000
15 0.402667 0.274000 0.016000 0.016000
15 0.410667 0.281000 0.021333 0.014000
15 0.418667 0.293000 0.026667 0.014000
15 0.470667 0.098000 0.018667 0.012000
15 0.466667 0.089000 0.016000 0.006000
15 0.470667 0.079000 0.013333 0.010000
15 0.480000 0.079000 0.016000 0.014000
15 0.486667 0.074000 0.013333 0.016000
15 0.494667 0.076000 0.013333 0.016000
15 0.506667 0.073000 0.010667 0.014000
15 0.510667 0.075000 0.013333 0.014000
15 0.522667 0.089000 0.010667 0.014000
15 0.518667 0.097000 0.013333 0.010000
15 0.522667 0.102000 0.016000 0.012000
15 0.790667 0.709000 0.018667 0.010000
15 0.798667 0.693000 0.013333 0.006000
15 0.842667 0.665000 0.021333 0.006000
15 0.876000 0.687000 0.024000 0.010000
15 0.806667 0.585000 0.029333 0.006000
16 0.492000 0.100000 0.136000 0.076000
16 0.386667 0.297000 0.117333 0.094000
16 0.553333 0.425000 0.120000 0.074000
16 0.808000 0.590000 0.053333 0.036000
16 0.841333 0.668000 0.045333 0.036000
16 0.872000 0.693000 0.042667 0.026000
16 0.798667 0.695000 0.029333 0.026000
16 0.792000 0.715000 0.037333 0.034000
