15 0.472000 0.831000 0.112000 0.098000
15 0.480000 0.751000 0.096000 0.070000
15 0.618667 0.773000 0.133333 0.090000
15 0.746667 0.839000 0.197333 0.142000
15 0.222667 0.721000 0.162667 0.158000
15 0.378667 0.714000 0.101333 0.072000
15 0.390667 0.663000 0.088000 0.062000
15 0.394667 0.609000 0.090667 0.070000
15 0.546667 0.638000 0.208000 0.144000
15 0.690667 0.698000 0.090667 0.080000
15 0.790667 0.720000 0.098667 0.088000
15 0.818667 0.658000 0.106667 0.056000
15 0.734667 0.645000 0.066667 0.046000
15 0.802667 0.587000 0.080000 0.086000
15 0.836000 0.542000 0.088000 0.068000
15 0.722667 0.584000 0.080000 0.076000
15 0.650667 0.595000 0.069333 0.058000
15 0.570667 0.524000 0.197333 0.124000
15 0.418667 0.491000 0.202667 0.114000
15 0.334667 0.399000 0.189333 0.118000
15 0.233333 0.375000 0.184000 0.130000
15 0.142667 0.351000 0.146667 0.122000
15 0.446667 0.349000 0.178667 0.094000
15 0.526667 0.382000 0.066667 0.096000
15 0.614667 0.388000 0.077333 0.088000
15 0.622667 0.452000 0.077333 0.052000
15 0.714667 0.395000 0.106667 0.062000
15 0.698667 0.460000 0.117333 0.072000
15 0.694667 0.516000 0.082667 0.064000
15 0.754667 0.516000 0.058667 0.056000
15 0.870667 0.452000 0.152000 0.136000
15 0.926667 0.592000 0.125333 0.128000
15 0.770667 0.346000 0.154667 0.108000
16 0.524000 0.582000 0.813333 0.728000
