15 0.642667 0.347000 0.016000 0.018000
15 0.658667 0.351000 0.010667 0.014000
15 0.434667 0.021000 0.010667 0.014000
15 0.442667 0.021000 0.010667 0.006000
16 0.436000 0.036000 0.077333 0.048000
16 0.412000 0.237000 0.082667 0.050000
16 0.645333 0.358000 0.069333 0.048000
16 0.454667 0.345000 0.050667 0.042000
16 0.232000 0.331000 0.074667 0.046000
16 0.497333 0.679000 0.072000 0.046000
15 0.500000 0.663000 0.024000 0.010000
15 0.476000 0.667000 0.018667 0.010000
15 0.518667 0.678000 0.013333 0.016000
15 0.473333 0.679000 0.013333 0.014000
15 0.480000 0.689000 0.016000 0.010000
15 0.508000 0.695000 0.013333 0.014000
16 0.894667 0.408000 0.072000 0.052000
