15 0.430667 0.366000 0.413333 0.344000
15 0.790667 0.349000 0.216000 0.302000
15 0.662667 0.169000 0.130667 0.090000
15 0.842667 0.139000 0.117333 0.110000
15 0.762667 0.034000 0.133333 0.064000
15 0.630667 0.091000 0.104000 0.058000
15 0.210667 0.211000 0.181333 0.134000
15 0.194667 0.518000 0.373333 0.272000
15 0.414667 0.633000 0.136000 0.094000
15 0.258667 0.684000 0.176000 0.084000
15 0.052000 0.185000 0.098667 0.142000
16 0.373333 0.265000 0.720000 0.514000
16 0.586667 0.943000 0.208000 0.114000
