15 0.766667 0.691000 0.104000 0.086000
15 0.598667 0.655000 0.093333 0.110000
15 0.366667 0.611000 0.088000 0.106000
15 0.202667 0.673000 0.090667 0.078000
15 0.206667 0.633000 0.082667 0.050000
15 0.230667 0.529000 0.136000 0.098000
15 0.570667 0.531000 0.090667 0.122000
15 0.694667 0.534000 0.093333 0.152000
15 0.768000 0.582000 0.064000 0.100000
15 0.574667 0.411000 0.072000 0.082000
15 0.432000 0.457000 0.048000 0.070000
15 0.334667 0.437000 0.125333 0.062000
15 0.250667 0.464000 0.058667 0.032000
15 0.250667 0.415000 0.058667 0.038000
15 0.346667 0.379000 0.106667 0.042000
15 0.382667 0.331000 0.093333 0.042000
15 0.294667 0.343000 0.088000 0.058000
15 0.450667 0.355000 0.058667 0.122000
15 0.494667 0.362000 0.061333 0.128000
15 0.558667 0.322000 0.114667 0.044000
15 0.626667 0.365000 0.026667 0.070000
15 0.660000 0.363000 0.040000 0.074000
15 0.730667 0.380000 0.106667 0.124000
16 0.478667 0.524000 0.632000 0.492000
