15 0.859000 0.702667 0.078000 0.093333
15 0.835000 0.782667 0.062000 0.077333
15 0.707000 0.578667 0.058000 0.117333
15 0.600000 0.538667 0.072000 0.090667
15 0.652000 0.450667 0.064000 0.144000
15 0.831000 0.618667 0.066000 0.085333
15 0.877000 0.598667 0.054000 0.098667
15 0.814000 0.474667 0.060000 0.090667
15 0.774000 0.514667 0.052000 0.138667
15 0.725000 0.450667 0.058000 0.117333
15 0.626000 0.372000 0.052000 0.104000
15 0.541000 0.410667 0.090000 0.106667
15 0.531000 0.498667 0.078000 0.117333
15 0.568000 0.332000 0.048000 0.056000
15 0.507000 0.330667 0.058000 0.064000
15 0.378000 0.302667 0.116000 0.125333
15 0.448000 0.398667 0.064000 0.093333
15 0.299000 0.586667 0.130000 0.090667
15 0.304000 0.514667 0.100000 0.101333
15 0.283000 0.418667 0.110000 0.138667
16 0.539000 0.576000 0.630000 0.698667
