15 0.479000 0.686667 0.006000 0.013333
15 0.485000 0.682667 0.006000 0.010667
15 0.534000 0.598667 0.008000 0.013333
15 0.547000 0.598667 0.010000 0.008000
15 0.434000 0.630667 0.004000 0.008000
15 0.438000 0.626667 0.008000 0.010667
15 0.444000 0.626667 0.012000 0.016000
15 0.548000 0.226667 0.008000 0.010667
15 0.529000 0.206667 0.006000 0.013333
15 0.538000 0.202667 0.008000 0.016000
16 0.537000 0.232000 0.058000 0.090667
16 0.439000 0.641333 0.058000 0.061333
16 0.478000 0.696000 0.036000 0.053333
16 0.539000 0.612000 0.042000 0.082667
