15 0.514667 0.670000 0.010667 0.008000
15 0.506667 0.671000 0.010667 0.014000
15 0.546667 0.683000 0.010667 0.010000
15 0.546667 0.692000 0.016000 0.012000
15 0.362667 0.196000 0.010667 0.012000
15 0.366667 0.189000 0.013333 0.010000
15 0.382667 0.187000 0.013333 0.010000
15 0.394667 0.187000 0.010667 0.010000
15 0.406667 0.191000 0.002667 0.010000
15 0.414667 0.191000 0.013333 0.014000
15 0.569333 0.343000 0.008000 0.010000
15 0.578667 0.343000 0.010667 0.014000
16 0.481333 0.159000 0.072000 0.046000
16 0.390667 0.207000 0.109333 0.082000
16 0.433333 0.278000 0.040000 0.032000
16 0.553333 0.334000 0.034667 0.044000
16 0.582667 0.361000 0.098667 0.066000
16 0.600000 0.451000 0.101333 0.070000
16 0.705333 0.516000 0.120000 0.080000
16 0.529333 0.703000 0.093333 0.074000
16 0.504000 0.929000 0.106667 0.058000
16 0.320000 0.459000 0.058667 0.042000
