15 0.491000 0.534667 0.038000 0.056000
15 0.561000 0.454667 0.026000 0.045333
15 0.538000 0.432000 0.028000 0.048000
15 0.524000 0.394667 0.036000 0.042667
15 0.490000 0.422667 0.032000 0.045333
15 0.460000 0.426667 0.036000 0.053333
15 0.424000 0.438667 0.036000 0.034667
15 0.412000 0.478667 0.040000 0.034667
15 0.406000 0.390667 0.048000 0.072000
15 0.468000 0.338667 0.052000 0.048000
15 0.415000 0.322667 0.058000 0.053333
15 0.519000 0.354667 0.030000 0.048000
15 0.558000 0.362667 0.028000 0.058667
15 0.580000 0.358667 0.020000 0.034667
15 0.545000 0.318667 0.022000 0.034667
15 0.526000 0.286667 0.032000 0.034667
15 0.506000 0.318667 0.032000 0.040000
15 0.498000 0.290667 0.032000 0.037333
15 0.454000 0.298667 0.028000 0.037333
15 0.441000 0.266667 0.058000 0.048000
15 0.395000 0.286667 0.042000 0.045333
15 0.373000 0.346667 0.046000 0.042667
15 0.379000 0.402667 0.042000 0.048000
15 0.797000 0.502667 0.038000 0.040000
15 0.805000 0.448000 0.034000 0.048000
15 0.844000 0.454667 0.024000 0.050667
15 0.848000 0.414667 0.028000 0.034667
15 0.848000 0.362667 0.028000 0.042667
15 0.812000 0.406667 0.028000 0.045333
15 0.810000 0.374667 0.024000 0.045333
15 0.824000 0.326667 0.036000 0.050667
15 0.828000 0.282667 0.032000 0.042667
15 0.802000 0.264000 0.024000 0.032000
15 0.797000 0.282667 0.030000 0.042667
15 0.786000 0.310667 0.032000 0.045333
15 0.774000 0.346667 0.032000 0.053333
15 0.764000 0.374667 0.028000 0.045333
15 0.753000 0.410667 0.038000 0.058667
15 0.736000 0.450667 0.060000 0.085333
15 0.652000 0.370667 0.068000 0.096000
15 0.716000 0.366667 0.036000 0.050667
15 0.726000 0.330667 0.032000 0.042667
15 0.738000 0.298667 0.032000 0.048000
15 0.752000 0.270667 0.036000 0.061333
15 0.775000 0.250667 0.030000 0.048000
15 0.741000 0.234667 0.034000 0.032000
15 0.716000 0.258667 0.036000 0.042667
15 0.682000 0.280000 0.028000 0.032000
15 0.680000 0.306667 0.032000 0.042667
15 0.707000 0.298667 0.030000 0.037333
15 0.344000 0.782667 0.012000 0.018667
15 0.352000 0.786667 0.008000 0.021333
15 0.360000 0.786667 0.008000 0.016000
15 0.056000 0.674667 0.008000 0.016000
15 0.078000 0.670667 0.012000 0.013333
15 0.066000 0.674667 0.008000 0.010667
15 0.096000 0.686667 0.012000 0.013333
15 0.106000 0.702667 0.016000 0.018667
15 0.085000 0.694667 0.010000 0.013333
15 0.074000 0.702667 0.012000 0.018667
15 0.064000 0.694667 0.016000 0.018667
15 0.136000 0.460000 0.012000 0.024000
15 0.143000 0.444000 0.010000 0.008000
15 0.154000 0.442667 0.008000 0.010667
15 0.163000 0.446667 0.006000 0.013333
15 0.170000 0.454667 0.012000 0.018667
15 0.269000 0.450667 0.010000 0.016000
15 0.278000 0.450667 0.012000 0.016000
15 0.292000 0.446667 0.012000 0.018667
15 0.295000 0.294667 0.006000 0.018667
15 0.301000 0.290667 0.010000 0.021333
15 0.310000 0.294667 0.008000 0.013333
15 0.319000 0.294667 0.010000 0.013333
15 0.892000 0.838667 0.008000 0.013333
15 0.897000 0.830667 0.010000 0.013333
15 0.932000 0.774667 0.008000 0.013333
15 0.937000 0.774667 0.010000 0.013333
15 0.950000 0.666667 0.012000 0.016000
15 0.958000 0.666667 0.012000 0.010667
15 0.987000 0.878667 0.010000 0.013333
15 0.976000 0.890667 0.012000 0.021333
16 0.639000 0.093333 0.394000 0.176000
16 0.477000 0.380000 0.262000 0.264000
16 0.759000 0.358667 0.226000 0.253333
16 0.957000 0.682667 0.030000 0.037333
16 0.949000 0.698667 0.018000 0.048000
16 0.933000 0.777333 0.026000 0.029333
16 0.895000 0.837333 0.030000 0.042667
16 0.979000 0.896000 0.030000 0.042667
16 0.300000 0.308000 0.084000 0.088000
16 0.282000 0.468000 0.072000 0.088000
16 0.347000 0.793333 0.058000 0.072000
16 0.265000 0.748000 0.038000 0.050667
16 0.152000 0.465333 0.076000 0.093333
16 0.082000 0.698667 0.080000 0.080000
16 0.038000 0.640000 0.040000 0.042667
16 0.058000 0.721333 0.048000 0.098667
