15 0.385000 0.509639 0.086000 0.151807
15 0.266000 0.375904 0.116000 0.202410
15 0.163000 0.456627 0.098000 0.161446
15 0.066000 0.601205 0.108000 0.180723
15 0.145000 0.562651 0.070000 0.084337
15 0.227000 0.528916 0.030000 0.045783
15 0.301000 0.174699 0.202000 0.127711
15 0.208000 0.275904 0.116000 0.108434
15 0.385000 0.321687 0.050000 0.108434
15 0.447000 0.302410 0.070000 0.190361
15 0.560000 0.321687 0.108000 0.175904
15 0.652000 0.487952 0.064000 0.127711
15 0.634000 0.402410 0.064000 0.048193
15 0.573000 0.487952 0.034000 0.065060
15 0.579000 0.418072 0.066000 0.084337
15 0.757000 0.507229 0.066000 0.146988
15 0.874000 0.522892 0.084000 0.091566
15 0.847000 0.687952 0.134000 0.238554
16 0.465000 0.709639 0.898000 0.546988
