15 0.208000 0.230000 0.016000 0.016000
15 0.218667 0.223000 0.021333 0.014000
15 0.218667 0.215000 0.021333 0.010000
15 0.234667 0.216000 0.010667 0.016000
15 0.246667 0.215000 0.013333 0.014000
15 0.262667 0.219000 0.013333 0.014000
15 0.266667 0.226000 0.016000 0.008000
15 0.322667 0.250000 0.021333 0.012000
15 0.322667 0.259000 0.016000 0.014000
15 0.334667 0.246000 0.013333 0.012000
15 0.346667 0.244000 0.010667 0.012000
15 0.362667 0.251000 0.010667 0.014000
15 0.372000 0.252000 0.008000 0.012000
15 0.382667 0.263000 0.018667 0.014000
15 0.374667 0.276000 0.013333 0.012000
15 0.558667 0.193000 0.013333 0.010000
15 0.558667 0.183000 0.013333 0.010000
15 0.570667 0.180000 0.016000 0.012000
15 0.582667 0.178000 0.018667 0.012000
15 0.722667 0.134000 0.010667 0.004000
15 0.734667 0.134000 0.013333 0.016000
15 0.722667 0.120000 0.010667 0.012000
15 0.774667 0.162000 0.013333 0.008000
15 0.774667 0.141000 0.013333 0.010000
15 0.774667 0.147000 0.013333 0.010000
15 0.786667 0.216000 0.016000 0.016000
15 0.798667 0.215000 0.013333 0.014000
15 0.806667 0.207000 0.018667 0.014000
15 0.822667 0.211000 0.018667 0.010000
15 0.850667 0.218000 0.016000 0.016000
15 0.854667 0.228000 0.002667 0.012000
16 0.232000 0.241000 0.096000 0.082000
16 0.349333 0.276000 0.085333 0.076000
16 0.580000 0.195000 0.104000 0.070000
16 0.746667 0.130000 0.101333 0.064000
16 0.834667 0.235000 0.106667 0.082000
