15 0.466667 0.439000 0.010667 0.010000
15 0.462667 0.425000 0.013333 0.010000
15 0.450667 0.419000 0.010667 0.010000
15 0.450667 0.411000 0.016000 0.010000
15 0.450667 0.392000 0.010667 0.012000
15 0.458667 0.386000 0.010667 0.008000
15 0.494667 0.379000 0.008000 0.006000
15 0.500000 0.385000 0.008000 0.010000
15 0.506667 0.390000 0.010667 0.008000
15 0.698667 0.325000 0.010667 0.010000
15 0.550667 0.171000 0.013333 0.018000
15 0.534667 0.167000 0.013333 0.006000
15 0.542667 0.158000 0.013333 0.008000
16 0.549333 0.175000 0.101333 0.066000
16 0.674667 0.328000 0.090667 0.056000
16 0.470667 0.392000 0.088000 0.056000
