16 0.801333 0.063000 0.056000 0.038000
16 0.842667 0.111000 0.037333 0.030000
16 0.842667 0.206000 0.053333 0.040000
16 0.881333 0.309000 0.040000 0.026000
16 0.800000 0.256000 0.032000 0.032000
16 0.776000 0.262000 0.026667 0.036000
16 0.713333 0.284000 0.040000 0.036000
16 0.732000 0.371000 0.040000 0.038000
16 0.758667 0.376000 0.034667 0.032000
16 0.685333 0.375000 0.042667 0.030000
16 0.489333 0.411000 0.040000 0.038000
16 0.418667 0.406000 0.048000 0.040000
16 0.169333 0.381000 0.045333 0.042000
16 0.157333 0.468000 0.032000 0.040000
16 0.184000 0.460000 0.032000 0.028000
16 0.198667 0.479000 0.034667 0.034000
16 0.217333 0.492000 0.024000 0.028000
16 0.124000 0.502000 0.034667 0.032000
16 0.456000 0.497000 0.026667 0.026000
16 0.520000 0.492000 0.026667 0.032000
16 0.506667 0.462000 0.021333 0.032000
16 0.477333 0.466000 0.026667 0.036000
