15 0.498667 0.614000 0.010667 0.020000
15 0.502667 0.619000 0.013333 0.010000
15 0.510667 0.625000 0.013333 0.010000
15 0.526667 0.622000 0.013333 0.008000
15 0.518667 0.631000 0.013333 0.010000
15 0.514667 0.651000 0.016000 0.010000
15 0.482667 0.619000 0.010667 0.010000
15 0.418667 0.562000 0.010667 0.012000
15 0.426667 0.463000 0.021333 0.018000
15 0.448000 0.462000 0.016000 0.012000
15 0.462667 0.451000 0.018667 0.014000
15 0.478667 0.463000 0.018667 0.018000
15 0.310667 0.534000 0.018667 0.016000
15 0.290667 0.509000 0.010667 0.014000
15 0.224000 0.514000 0.016000 0.016000
15 0.230667 0.496000 0.034667 0.024000
15 0.250667 0.493000 0.010667 0.022000
15 0.270667 0.496000 0.018667 0.024000
15 0.346667 0.061000 0.010667 0.022000
15 0.386667 0.059000 0.010667 0.026000
15 0.398667 0.070000 0.013333 0.012000
15 0.374667 0.049000 0.013333 0.014000
15 0.362667 0.058000 0.016000 0.016000
16 0.377333 0.079000 0.109333 0.078000
16 0.252000 0.510000 0.125333 0.076000
16 0.442667 0.488000 0.096000 0.076000
16 0.497333 0.636000 0.056000 0.068000
