15 0.169000 0.318667 0.006000 0.008000
15 0.167000 0.322667 0.006000 0.010667
15 0.177000 0.314667 0.010000 0.010667
15 0.188000 0.326667 0.008000 0.008000
15 0.191000 0.334667 0.010000 0.013333
15 0.204000 0.414667 0.012000 0.008000
15 0.203000 0.422667 0.010000 0.008000
15 0.263000 0.386667 0.010000 0.010667
15 0.271000 0.378667 0.006000 0.010667
16 0.175000 0.332000 0.054000 0.056000
16 0.212000 0.424000 0.036000 0.037333
16 0.272000 0.397333 0.036000 0.053333
16 0.590000 0.377333 0.028000 0.034667
16 0.807000 0.562667 0.030000 0.042667
16 0.914000 0.422667 0.024000 0.029333
16 0.459000 0.608000 0.038000 0.042667
16 0.610000 0.452000 0.012000 0.040000
16 0.573000 0.460000 0.010000 0.034667
