15 0.535000 0.594667 0.014000 0.010667
15 0.430000 0.428000 0.012000 0.024000
15 0.478000 0.406667 0.008000 0.013333
15 0.469000 0.410667 0.010000 0.016000
15 0.439000 0.194667 0.010000 0.010667
15 0.534000 0.170667 0.008000 0.010667
15 0.543000 0.166667 0.006000 0.013333
15 0.551000 0.170667 0.010000 0.026667
15 0.491000 0.066667 0.006000 0.010667
15 0.497000 0.062667 0.010000 0.013333
15 0.505000 0.062667 0.006000 0.013333
15 0.512000 0.066667 0.008000 0.010667
15 0.563000 0.326667 0.010000 0.013333
15 0.571000 0.326667 0.006000 0.013333
15 0.576000 0.330667 0.008000 0.021333
15 0.587000 0.374667 0.006000 0.013333
15 0.595000 0.378667 0.006000 0.010667
15 0.603000 0.378667 0.006000 0.010667
15 0.628000 0.390667 0.008000 0.013333
15 0.618000 0.386667 0.008000 0.010667
15 0.251000 0.346667 0.010000 0.016000
15 0.279000 0.486667 0.006000 0.008000
15 0.286000 0.492000 0.008000 0.008000
15 0.711000 0.482667 0.006000 0.010667
15 0.717000 0.482667 0.006000 0.010667
15 0.787000 0.506667 0.006000 0.010667
15 0.793000 0.506667 0.006000 0.010667
15 0.682000 0.582667 0.008000 0.013333
15 0.675000 0.578667 0.010000 0.010667
15 0.724000 0.562667 0.008000 0.010667
15 0.730000 0.570667 0.008000 0.010667
15 0.774000 0.582667 0.012000 0.013333
15 0.872000 0.558667 0.012000 0.018667
16 0.249000 0.357333 0.034000 0.064000
16 0.282000 0.497333 0.028000 0.034667
16 0.432000 0.214667 0.032000 0.050667
16 0.500000 0.072000 0.048000 0.053333
16 0.540000 0.173333 0.036000 0.048000
16 0.421000 0.434667 0.026000 0.064000
16 0.471000 0.406667 0.026000 0.040000
16 0.565000 0.330667 0.038000 0.048000
16 0.622000 0.401333 0.032000 0.045333
16 0.516000 0.473333 0.040000 0.056000
16 0.679000 0.584000 0.026000 0.032000
16 0.638000 0.485333 0.016000 0.016000
16 0.659000 0.574667 0.018000 0.024000
16 0.613000 0.600000 0.014000 0.026667
16 0.593000 0.588000 0.026000 0.040000
16 0.715000 0.490667 0.022000 0.037333
16 0.742000 0.474667 0.016000 0.026667
16 0.730000 0.572000 0.020000 0.040000
16 0.775000 0.586667 0.018000 0.032000
16 0.792000 0.512000 0.020000 0.026667
16 0.871000 0.562667 0.018000 0.037333
