15 0.577000 0.314667 0.006000 0.010667
15 0.583000 0.310667 0.006000 0.008000
15 0.590000 0.310667 0.008000 0.008000
15 0.599000 0.322667 0.006000 0.010667
15 0.595000 0.314667 0.006000 0.010667
15 0.550000 0.242667 0.008000 0.010667
15 0.548000 0.238667 0.008000 0.008000
15 0.541000 0.234667 0.006000 0.010667
15 0.534000 0.236000 0.008000 0.008000
15 0.525000 0.086667 0.006000 0.018667
15 0.526000 0.094667 0.004000 0.013333
15 0.516000 0.078667 0.008000 0.013333
15 0.441000 0.106667 0.010000 0.010667
15 0.435000 0.098667 0.010000 0.010667
15 0.418000 0.110667 0.012000 0.008000
15 0.468000 0.210667 0.004000 0.010667
15 0.474000 0.216000 0.008000 0.016000
15 0.461000 0.210667 0.006000 0.010667
15 0.454000 0.218667 0.008000 0.010667
15 0.484000 0.266667 0.008000 0.016000
15 0.468000 0.282667 0.008000 0.010667
15 0.476000 0.270667 0.008000 0.013333
15 0.474000 0.290667 0.008000 0.010667
15 0.440000 0.200000 0.008000 0.016000
15 0.431000 0.198667 0.010000 0.013333
15 0.390000 0.266667 0.008000 0.016000
15 0.384000 0.268000 0.008000 0.008000
15 0.372000 0.274667 0.012000 0.016000
16 0.429000 0.108000 0.046000 0.056000
16 0.512000 0.094667 0.044000 0.056000
16 0.430000 0.218667 0.044000 0.053333
16 0.384000 0.276000 0.044000 0.056000
16 0.478000 0.285333 0.032000 0.058667
16 0.461000 0.217333 0.030000 0.045333
16 0.542000 0.245333 0.036000 0.048000
16 0.584000 0.321333 0.048000 0.056000
16 0.493000 0.394667 0.046000 0.037333
16 0.402000 0.385333 0.024000 0.034667
