15 0.262667 0.645000 0.013333 0.010000
15 0.274667 0.644000 0.016000 0.012000
15 0.286667 0.639000 0.008000 0.010000
15 0.290667 0.562000 0.010667 0.012000
15 0.286667 0.552000 0.008000 0.008000
15 0.294667 0.546000 0.013333 0.012000
15 0.394667 0.546000 0.005333 0.008000
15 0.404000 0.545000 0.008000 0.010000
15 0.402667 0.472000 0.010667 0.008000
15 0.398667 0.466000 0.013333 0.008000
15 0.386667 0.467000 0.010667 0.010000
15 0.382667 0.470000 0.008000 0.012000
15 0.452000 0.424000 0.008000 0.008000
15 0.454667 0.423000 0.013333 0.010000
15 0.468000 0.424000 0.008000 0.008000
15 0.362667 0.423000 0.010667 0.006000
15 0.366667 0.423000 0.008000 0.010000
15 0.388000 0.403000 0.008000 0.010000
15 0.394667 0.402000 0.010667 0.008000
15 0.228000 0.473000 0.008000 0.006000
15 0.218667 0.469000 0.010667 0.010000
15 0.202667 0.454000 0.010667 0.008000
15 0.354667 0.339000 0.010667 0.010000
15 0.362667 0.342000 0.010667 0.012000
15 0.334667 0.257000 0.013333 0.010000
15 0.346667 0.261000 0.010667 0.010000
16 0.338667 0.273000 0.064000 0.046000
16 0.357333 0.344000 0.037333 0.040000
16 0.460000 0.428000 0.050667 0.048000
16 0.224000 0.486000 0.037333 0.040000
16 0.196000 0.464000 0.040000 0.040000
16 0.400000 0.555000 0.032000 0.050000
16 0.392000 0.406000 0.048000 0.048000
16 0.389333 0.470000 0.064000 0.040000
16 0.290667 0.553000 0.037333 0.054000
