15 0.386667 0.477000 0.016000 0.014000
15 0.394667 0.469000 0.016000 0.014000
15 0.414667 0.346000 0.018667 0.012000
15 0.430667 0.347000 0.013333 0.014000
15 0.458667 0.324000 0.010667 0.012000
15 0.466667 0.321000 0.010667 0.010000
15 0.522667 0.113000 0.010667 0.010000
15 0.530667 0.114000 0.016000 0.008000
15 0.506667 0.105000 0.010667 0.006000
15 0.514667 0.104000 0.016000 0.012000
15 0.850667 0.271000 0.010667 0.006000
15 0.266667 0.393000 0.010667 0.006000
15 0.590667 0.364000 0.018667 0.008000
15 0.578667 0.379000 0.010667 0.006000
15 0.662667 0.366000 0.013333 0.008000
15 0.626667 0.386000 0.010667 0.008000
15 0.646667 0.396000 0.013333 0.008000
15 0.190667 0.297000 0.024000 0.010000
15 0.156000 0.325000 0.008000 0.006000
15 0.162667 0.323000 0.010667 0.006000
15 0.098667 0.274000 0.010667 0.008000
15 0.102667 0.274000 0.013333 0.008000
15 0.142667 0.190000 0.013333 0.008000
15 0.150667 0.192000 0.013333 0.008000
15 0.010667 0.227000 0.010667 0.010000
15 0.022667 0.228000 0.008000 0.008000
15 0.074667 0.302000 0.005333 0.012000
16 0.740000 0.632000 0.098667 0.060000
16 0.850667 0.276000 0.037333 0.032000
16 0.790667 0.352000 0.034667 0.028000
16 0.513333 0.104000 0.056000 0.032000
16 0.529333 0.122000 0.040000 0.028000
16 0.465333 0.321000 0.045333 0.042000
16 0.662667 0.367000 0.024000 0.022000
16 0.645333 0.396000 0.016000 0.012000
16 0.628000 0.387000 0.013333 0.014000
16 0.592000 0.365000 0.021333 0.014000
16 0.577333 0.381000 0.013333 0.014000
16 0.604000 0.391000 0.018667 0.014000
16 0.556000 0.434000 0.013333 0.008000
16 0.686667 0.405000 0.013333 0.010000
16 0.694667 0.412000 0.013333 0.012000
16 0.702667 0.432000 0.008000 0.012000
16 0.429333 0.355000 0.032000 0.034000
16 0.398667 0.478000 0.024000 0.032000
16 0.386667 0.301000 0.021333 0.022000
16 0.314667 0.497000 0.026667 0.022000
16 0.265333 0.395000 0.018667 0.014000
16 0.280000 0.458000 0.026667 0.016000
16 0.210667 0.408000 0.016000 0.016000
16 0.194667 0.297000 0.026667 0.030000
16 0.150667 0.196000 0.029333 0.020000
16 0.101333 0.276000 0.026667 0.020000
16 0.160000 0.326000 0.026667 0.020000
16 0.076000 0.307000 0.029333 0.022000
16 0.022667 0.232000 0.034667 0.028000
16 0.069333 0.430000 0.032000 0.028000
