15 0.806667 0.429000 0.018667 0.010000
15 0.806667 0.422000 0.013333 0.004000
15 0.866667 0.426000 0.016000 0.008000
15 0.046667 0.372000 0.024000 0.016000
15 0.038667 0.362000 0.013333 0.012000
15 0.050667 0.355000 0.016000 0.010000
15 0.054667 0.344000 0.013333 0.008000
15 0.082667 0.357000 0.010667 0.010000
15 0.086667 0.369000 0.013333 0.010000
15 0.098667 0.351000 0.016000 0.010000
15 0.098667 0.360000 0.021333 0.012000
16 0.834667 0.434000 0.096000 0.064000
16 0.066667 0.361000 0.085333 0.050000
