15 0.179000 0.654667 0.006000 0.013333
15 0.185000 0.654667 0.006000 0.013333
15 0.192000 0.654667 0.008000 0.013333
15 0.277000 0.758667 0.006000 0.013333
15 0.282000 0.754667 0.008000 0.010667
15 0.297000 0.666667 0.006000 0.010667
15 0.304000 0.666667 0.008000 0.010667
15 0.381000 0.550667 0.010000 0.018667
15 0.387000 0.550667 0.006000 0.013333
15 0.393000 0.554667 0.010000 0.016000
15 0.400000 0.554667 0.012000 0.016000
15 0.452000 0.566667 0.008000 0.013333
15 0.456000 0.566667 0.008000 0.013333
15 0.645000 0.554667 0.010000 0.016000
15 0.483000 0.306667 0.010000 0.016000
15 0.494000 0.298667 0.008000 0.016000
15 0.499000 0.306667 0.010000 0.016000
15 0.766000 0.644000 0.008000 0.008000
15 0.773000 0.638667 0.006000 0.008000
16 0.355000 0.146667 0.038000 0.053333
16 0.316000 0.465333 0.028000 0.056000
16 0.392000 0.556000 0.032000 0.050667
16 0.451000 0.574667 0.034000 0.050667
16 0.488000 0.305333 0.040000 0.066667
16 0.649000 0.562667 0.042000 0.053333
16 0.764000 0.646667 0.032000 0.034667
16 0.478000 0.710667 0.032000 0.056000
16 0.574000 0.737333 0.032000 0.034667
16 0.183000 0.653333 0.046000 0.048000
16 0.278000 0.760000 0.032000 0.042667
16 0.300000 0.670667 0.028000 0.050667
