15 0.598750 0.475000 0.012500 0.014000
15 0.613750 0.474000 0.012500 0.012000
15 0.605000 0.467000 0.010000 0.010000
15 0.567500 0.456000 0.010000 0.012000
15 0.582500 0.448000 0.010000 0.008000
15 0.588750 0.450000 0.007500 0.008000
15 0.593750 0.453000 0.002500 0.006000
15 0.600000 0.454000 0.010000 0.008000
15 0.516250 0.433000 0.012500 0.010000
15 0.531250 0.433000 0.012500 0.010000
15 0.526250 0.422000 0.007500 0.012000
15 0.516250 0.428000 0.012500 0.008000
15 0.521250 0.364000 0.012500 0.008000
15 0.537500 0.369000 0.010000 0.010000
15 0.557500 0.370000 0.010000 0.012000
15 0.551250 0.366000 0.007500 0.012000
15 0.542500 0.359000 0.010000 0.010000
15 0.535000 0.361000 0.010000 0.010000
15 0.467500 0.259000 0.015000 0.014000
15 0.485000 0.258000 0.015000 0.012000
15 0.500000 0.279000 0.010000 0.014000
15 0.471250 0.381000 0.012500 0.010000
15 0.405000 0.402000 0.015000 0.008000
15 0.385000 0.400000 0.010000 0.008000
15 0.377500 0.439000 0.010000 0.006000
15 0.395000 0.445000 0.010000 0.010000
16 0.481250 0.274000 0.067500 0.048000
16 0.541250 0.372000 0.062500 0.044000
16 0.481250 0.393000 0.057500 0.038000
16 0.576250 0.456000 0.032500 0.028000
16 0.600000 0.481000 0.045000 0.042000
16 0.391250 0.452000 0.032500 0.036000
16 0.355000 0.465000 0.035000 0.030000
16 0.345000 0.422000 0.045000 0.036000
16 0.395000 0.412000 0.055000 0.044000
