15 0.431000 0.166667 0.010000 0.024000
15 0.443000 0.164000 0.014000 0.024000
15 0.459000 0.166667 0.010000 0.018667
15 0.472000 0.166667 0.020000 0.013333
15 0.511000 0.494667 0.014000 0.018667
15 0.525000 0.490667 0.014000 0.016000
15 0.534000 0.506667 0.020000 0.016000
15 0.563000 0.414667 0.022000 0.024000
15 0.506000 0.434667 0.016000 0.021333
15 0.514000 0.446667 0.012000 0.024000
15 0.520000 0.466667 0.012000 0.021333
15 0.541000 0.402667 0.018000 0.021333
16 0.453000 0.177333 0.066000 0.056000
16 0.545000 0.413333 0.046000 0.053333
16 0.521000 0.501333 0.042000 0.037333
