15 0.622667 0.605000 0.013333 0.010000
15 0.630667 0.612000 0.013333 0.012000
15 0.634667 0.604000 0.010667 0.012000
15 0.642667 0.600000 0.021333 0.012000
15 0.726667 0.574000 0.013333 0.016000
15 0.746667 0.582000 0.010667 0.012000
15 0.726667 0.562000 0.013333 0.008000
15 0.738667 0.570000 0.010667 0.008000
15 0.842667 0.555000 0.016000 0.010000
15 0.846667 0.570000 0.013333 0.012000
15 0.858667 0.584000 0.010667 0.020000
15 0.634667 0.635000 0.010667 0.010000
15 0.638667 0.651000 0.024000 0.014000
15 0.670667 0.595000 0.018667 0.022000
15 0.738667 0.406000 0.010667 0.012000
15 0.746667 0.403000 0.021333 0.014000
15 0.762667 0.412000 0.021333 0.024000
15 0.226667 0.356000 0.021333 0.016000
15 0.374667 0.358000 0.018667 0.016000
15 0.410667 0.345000 0.026667 0.026000
15 0.498667 0.353000 0.016000 0.014000
15 0.514667 0.356000 0.021333 0.016000
15 0.492000 0.360000 0.008000 0.012000
15 0.346667 0.134000 0.021333 0.016000
16 0.341333 0.151000 0.058667 0.038000
16 0.216000 0.362000 0.064000 0.040000
16 0.406667 0.354000 0.045333 0.024000
16 0.502667 0.363000 0.050667 0.030000
16 0.745333 0.413000 0.066667 0.038000
16 0.836000 0.561000 0.061333 0.038000
16 0.716000 0.575000 0.061333 0.030000
16 0.648000 0.609000 0.064000 0.042000
