15 0.473837 0.194000 0.017442 0.016000
15 0.459302 0.197000 0.011628 0.014000
15 0.447674 0.203000 0.017442 0.010000
15 0.446221 0.216000 0.014535 0.016000
15 0.438953 0.240000 0.023256 0.008000
15 0.444767 0.253000 0.017442 0.006000
15 0.462209 0.324000 0.017442 0.016000
15 0.444767 0.330000 0.023256 0.016000
15 0.427326 0.336000 0.034884 0.012000
15 0.447674 0.343000 0.029070 0.010000
15 0.433140 0.350000 0.023256 0.008000
15 0.430233 0.363000 0.034884 0.014000
15 0.518895 0.340000 0.026163 0.016000
16 0.468023 0.226000 0.104651 0.072000
16 0.486919 0.359000 0.119186 0.082000
16 0.847384 0.455000 0.078488 0.054000
16 0.184593 0.759000 0.125000 0.086000
