15 0.442667 0.178000 0.010667 0.004000
15 0.442667 0.172000 0.010667 0.008000
15 0.446667 0.164000 0.013333 0.012000
15 0.450667 0.152000 0.016000 0.008000
15 0.466667 0.151000 0.010667 0.010000
15 0.478667 0.150000 0.013333 0.008000
15 0.490667 0.160000 0.016000 0.012000
15 0.498667 0.170000 0.016000 0.008000
15 0.498667 0.177000 0.021333 0.006000
15 0.490667 0.182000 0.016000 0.008000
15 0.562667 0.304000 0.010667 0.016000
15 0.570667 0.312000 0.005333 0.012000
15 0.870667 0.437000 0.008000 0.010000
15 0.878667 0.440000 0.008000 0.008000
16 0.466667 0.163000 0.080000 0.042000
16 0.554667 0.315000 0.074667 0.038000
16 0.877333 0.441000 0.048000 0.038000
16 0.224000 0.564000 0.064000 0.044000
16 0.274667 0.692000 0.037333 0.024000
16 0.713333 0.462000 0.056000 0.044000
