15 0.755000 0.494667 0.006000 0.013333
15 0.760000 0.490667 0.004000 0.010667
15 0.810000 0.458667 0.004000 0.010667
15 0.815000 0.454667 0.006000 0.013333
15 0.824000 0.458667 0.008000 0.010667
15 0.786000 0.264000 0.008000 0.016000
15 0.792000 0.258667 0.008000 0.010667
15 0.799000 0.262667 0.006000 0.013333
15 0.772000 0.470667 0.008000 0.008000
16 0.794000 0.266667 0.032000 0.032000
16 0.814000 0.462667 0.036000 0.034667
16 0.759000 0.494667 0.026000 0.034667
16 0.772000 0.478667 0.024000 0.029333
16 0.377000 0.434667 0.022000 0.026667
16 0.348000 0.502667 0.020000 0.018667
16 0.388000 0.506667 0.012000 0.021333
16 0.399000 0.518667 0.010000 0.013333
16 0.187000 0.410667 0.018000 0.026667
16 0.202000 0.464000 0.012000 0.016000
16 0.214000 0.470667 0.012000 0.029333
16 0.254000 0.614667 0.016000 0.018667
16 0.164000 0.494667 0.020000 0.018667
15 0.226000 0.578667 0.020000 0.021333
