15 0.599415 0.282000 0.023392 0.024000
15 0.662281 0.293000 0.014620 0.014000
15 0.673977 0.285000 0.020468 0.022000
15 0.596491 0.259000 0.023392 0.018000
15 0.611111 0.254000 0.017544 0.012000
15 0.622807 0.247000 0.017544 0.014000
15 0.635965 0.249000 0.014620 0.014000
15 0.649123 0.254000 0.011696 0.008000
15 0.656433 0.250000 0.008772 0.008000
15 0.665205 0.249000 0.008772 0.014000
15 0.675439 0.259000 0.023392 0.014000
15 0.682749 0.273000 0.026316 0.006000
16 0.644737 0.272000 0.131579 0.068000
