15 0.420000 0.474667 0.020000 0.021333
15 0.495000 0.458667 0.014000 0.010667
15 0.486000 0.470667 0.008000 0.018667
15 0.527000 0.258667 0.006000 0.010667
15 0.440000 0.190667 0.008000 0.008000
16 0.401000 0.593333 0.018000 0.024000
16 0.419000 0.480000 0.026000 0.032000
16 0.444000 0.194667 0.028000 0.026667
16 0.464000 0.256000 0.024000 0.026667
16 0.533000 0.264000 0.026000 0.037333
16 0.548000 0.489333 0.024000 0.034667
16 0.519000 0.512000 0.022000 0.026667
16 0.500000 0.501333 0.016000 0.026667
16 0.493000 0.469333 0.030000 0.026667
16 0.471000 0.492000 0.018000 0.029333
16 0.455000 0.508000 0.022000 0.034667
16 0.430000 0.521333 0.012000 0.018667
16 0.438000 0.524000 0.012000 0.024000
