15 0.360153 0.327000 0.007663 0.010000
15 0.272031 0.170000 0.022989 0.012000
15 0.316092 0.208000 0.019157 0.008000
15 0.308429 0.177000 0.026820 0.018000
15 0.507663 0.247000 0.026820 0.010000
15 0.557471 0.467000 0.019157 0.006000
15 0.408046 0.005000 0.011494 0.006000
15 0.423372 0.004000 0.019157 0.004000
16 0.553640 0.474000 0.057471 0.032000
16 0.513410 0.254000 0.061303 0.036000
16 0.432950 0.206000 0.091954 0.044000
16 0.314176 0.221000 0.076628 0.038000
16 0.281609 0.174000 0.072797 0.036000
16 0.507663 0.442000 0.057471 0.028000
16 0.507663 0.409000 0.065134 0.030000
16 0.385057 0.404000 0.049808 0.028000
16 0.365900 0.332000 0.034483 0.024000
16 0.427203 0.016000 0.088123 0.028000
