15 0.320000 0.420000 0.016000 0.012000
15 0.310667 0.418000 0.008000 0.008000
15 0.294667 0.421000 0.013333 0.006000
15 0.438667 0.329000 0.013333 0.010000
15 0.446667 0.321000 0.018667 0.010000
15 0.462667 0.324000 0.013333 0.012000
15 0.478667 0.331000 0.013333 0.018000
15 0.386667 0.221000 0.010667 0.010000
15 0.394667 0.215000 0.010667 0.010000
15 0.406667 0.216000 0.013333 0.008000
15 0.406667 0.221000 0.008000 0.010000
15 0.534667 0.338000 0.013333 0.012000
15 0.546667 0.336000 0.010667 0.012000
15 0.558667 0.337000 0.013333 0.010000
16 0.305333 0.429000 0.061333 0.034000
16 0.405333 0.225000 0.058667 0.038000
16 0.461333 0.329000 0.058667 0.042000
16 0.552000 0.347000 0.053333 0.042000
