15 0.442667 0.530000 0.010667 0.012000
15 0.430667 0.532000 0.013333 0.012000
16 0.318667 0.793000 0.056000 0.030000
16 0.313333 0.730000 0.040000 0.028000
16 0.348000 0.705000 0.040000 0.030000
16 0.389333 0.672000 0.042667 0.028000
16 0.549333 0.596000 0.042667 0.036000
16 0.584000 0.657000 0.037333 0.030000
16 0.658667 0.476000 0.042667 0.036000
16 0.566667 0.409000 0.040000 0.030000
16 0.496000 0.465000 0.037333 0.026000
16 0.457333 0.507000 0.024000 0.022000
16 0.429333 0.544000 0.048000 0.028000
16 0.425333 0.577000 0.050667 0.026000
16 0.510667 0.234000 0.040000 0.028000
