15 0.410667 0.414000 0.021333 0.008000
15 0.380000 0.332000 0.008000 0.008000
15 0.388000 0.331000 0.008000 0.010000
15 0.396000 0.333000 0.008000 0.006000
15 0.398667 0.290000 0.008000 0.008000
15 0.406667 0.287000 0.008000 0.006000
15 0.414667 0.292000 0.013333 0.012000
16 0.520000 0.438000 0.032000 0.028000
16 0.469333 0.358000 0.042667 0.028000
16 0.408000 0.298000 0.037333 0.028000
16 0.385333 0.338000 0.040000 0.032000
16 0.412000 0.421000 0.034667 0.026000
16 0.368000 0.497000 0.021333 0.022000
16 0.345333 0.563000 0.029333 0.022000
16 0.341333 0.551000 0.032000 0.014000
16 0.474667 0.558000 0.026667 0.028000
