15 0.496000 0.330667 0.004000 0.010667
15 0.502000 0.332000 0.008000 0.008000
15 0.510000 0.336000 0.008000 0.016000
15 0.475000 0.190667 0.006000 0.013333
15 0.548000 0.186667 0.008000 0.010667
15 0.555000 0.182667 0.010000 0.013333
15 0.549000 0.202667 0.010000 0.010667
15 0.468000 0.470667 0.008000 0.013333
16 0.485000 0.193333 0.030000 0.034667
16 0.555000 0.196000 0.026000 0.029333
16 0.573000 0.296000 0.018000 0.021333
16 0.526000 0.313333 0.020000 0.024000
16 0.504000 0.337333 0.016000 0.029333
16 0.547000 0.354667 0.022000 0.032000
16 0.585000 0.360000 0.018000 0.026667
16 0.560000 0.396000 0.020000 0.024000
16 0.597000 0.377333 0.018000 0.029333
