15 0.413000 0.550667 0.010000 0.024000
15 0.424000 0.542667 0.008000 0.013333
15 0.442000 0.538667 0.008000 0.010667
15 0.441000 0.534667 0.010000 0.018667
15 0.421000 0.530667 0.014000 0.021333
15 0.430000 0.526667 0.008000 0.018667
15 0.475000 0.518667 0.010000 0.013333
15 0.505000 0.518667 0.010000 0.018667
15 0.477000 0.504000 0.006000 0.016000
15 0.480000 0.498667 0.008000 0.010667
15 0.491000 0.498667 0.014000 0.016000
15 0.564000 0.526667 0.012000 0.013333
15 0.579000 0.522667 0.006000 0.016000
15 0.575000 0.514667 0.010000 0.010667
15 0.613000 0.522667 0.006000 0.010667
15 0.615000 0.530667 0.006000 0.010667
15 0.621000 0.530667 0.010000 0.016000
15 0.640000 0.566667 0.008000 0.013333
15 0.629000 0.498667 0.010000 0.010667
15 0.631000 0.510667 0.010000 0.018667
15 0.645000 0.510667 0.014000 0.018667
15 0.512000 0.246667 0.016000 0.018667
15 0.515000 0.216000 0.014000 0.016000
15 0.527000 0.198667 0.014000 0.013333
16 0.428000 0.537333 0.044000 0.061333
16 0.491000 0.522667 0.042000 0.058667
16 0.574000 0.528000 0.036000 0.048000
16 0.633000 0.509333 0.046000 0.058667
16 0.637000 0.572000 0.018000 0.040000
16 0.528000 0.214667 0.044000 0.056000
16 0.457000 0.616000 0.018000 0.037333
16 0.459000 0.653333 0.018000 0.032000
