15 0.442667 0.380000 0.016000 0.008000
15 0.454667 0.384000 0.013333 0.008000
15 0.466667 0.386000 0.010667 0.008000
15 0.442667 0.367000 0.042667 0.018000
15 0.422667 0.347000 0.018667 0.006000
15 0.434667 0.353000 0.016000 0.006000
15 0.418667 0.337000 0.026667 0.014000
15 0.424000 0.326000 0.032000 0.012000
15 0.442667 0.319000 0.021333 0.010000
15 0.438667 0.310000 0.018667 0.012000
15 0.462667 0.312000 0.029333 0.016000
15 0.498667 0.265000 0.021333 0.014000
15 0.566667 0.273000 0.029333 0.010000
15 0.566667 0.252000 0.018667 0.008000
15 0.566667 0.260000 0.018667 0.008000
15 0.566667 0.232000 0.018667 0.012000
15 0.566667 0.245000 0.013333 0.010000
15 0.570667 0.223000 0.026667 0.010000
15 0.486667 0.211000 0.029333 0.014000
15 0.490667 0.200000 0.021333 0.016000
15 0.490667 0.189000 0.016000 0.014000
15 0.498667 0.184000 0.010667 0.012000
15 0.512000 0.183000 0.016000 0.018000
15 0.522667 0.178000 0.021333 0.020000
15 0.534667 0.182000 0.018667 0.016000
15 0.546667 0.186000 0.010667 0.012000
15 0.554667 0.189000 0.016000 0.014000
15 0.566667 0.203000 0.018667 0.026000
16 0.526667 0.208000 0.120000 0.080000
16 0.440000 0.339000 0.064000 0.086000
