15 0.103000 0.362667 0.014000 0.016000
15 0.112000 0.360000 0.008000 0.016000
15 0.125000 0.362667 0.006000 0.016000
15 0.117000 0.362667 0.010000 0.016000
15 0.187000 0.478667 0.010000 0.013333
15 0.195000 0.474667 0.010000 0.010667
15 0.202000 0.470667 0.008000 0.013333
15 0.292000 0.474667 0.008000 0.010667
15 0.298000 0.474667 0.004000 0.016000
15 0.304000 0.474667 0.008000 0.021333
16 0.113000 0.372000 0.046000 0.066667
16 0.199000 0.486667 0.050000 0.056000
16 0.300000 0.476000 0.032000 0.045333
16 0.272000 0.501333 0.028000 0.048000
16 0.366000 0.660000 0.032000 0.077333
