15 0.597000 0.498667 0.014000 0.005333
15 0.597000 0.506667 0.014000 0.010667
15 0.589000 0.488000 0.010000 0.016000
15 0.579000 0.482667 0.010000 0.010667
15 0.569000 0.482667 0.014000 0.021333
15 0.561000 0.494667 0.006000 0.013333
15 0.533000 0.354667 0.010000 0.016000
15 0.537000 0.342667 0.014000 0.018667
15 0.548000 0.338667 0.008000 0.016000
15 0.555000 0.338667 0.010000 0.021333
15 0.613000 0.466667 0.010000 0.016000
15 0.618000 0.454667 0.012000 0.013333
15 0.623000 0.450667 0.010000 0.016000
15 0.637000 0.450667 0.010000 0.010667
15 0.644000 0.462667 0.008000 0.018667
15 0.650000 0.478667 0.012000 0.013333
15 0.696000 0.354667 0.012000 0.010667
15 0.695000 0.342667 0.014000 0.018667
15 0.703000 0.330667 0.010000 0.010667
15 0.708000 0.326667 0.012000 0.013333
15 0.716000 0.326667 0.008000 0.013333
15 0.726000 0.334667 0.008000 0.018667
15 0.729000 0.358667 0.014000 0.013333
15 0.640000 0.066667 0.012000 0.010667
15 0.633000 0.070667 0.010000 0.008000
15 0.630000 0.058667 0.008000 0.016000
15 0.632000 0.046667 0.012000 0.018667
15 0.644000 0.034667 0.016000 0.010667
15 0.664000 0.050667 0.016000 0.026667
15 0.650000 0.050667 0.016000 0.021333
16 0.546000 0.352000 0.052000 0.074667
16 0.648000 0.057333 0.056000 0.066667
16 0.714000 0.348000 0.064000 0.082667
16 0.632000 0.469333 0.056000 0.074667
16 0.576000 0.494667 0.056000 0.088000
16 0.665000 0.670667 0.034000 0.061333
16 0.719000 0.658667 0.022000 0.058667
