15 0.410667 0.359000 0.016000 0.010000
15 0.402667 0.351000 0.010667 0.010000
15 0.458667 0.384000 0.016000 0.012000
15 0.450667 0.376000 0.016000 0.008000
15 0.538667 0.414000 0.010667 0.012000
15 0.550667 0.417000 0.013333 0.014000
16 0.445333 0.132000 0.064000 0.040000
16 0.708000 0.254000 0.098667 0.040000
16 0.600000 0.299000 0.058667 0.058000
16 0.393333 0.359000 0.050667 0.042000
16 0.440000 0.387000 0.042667 0.038000
16 0.538667 0.419000 0.048000 0.042000
16 0.564000 0.613000 0.061333 0.066000
15 0.558667 0.593000 0.018667 0.022000
15 0.572000 0.592000 0.013333 0.020000
15 0.586667 0.595000 0.010667 0.018000
