15 0.507000 0.478667 0.006000 0.018667
15 0.512000 0.478667 0.008000 0.018667
15 0.522000 0.478667 0.008000 0.018667
15 0.540000 0.394667 0.012000 0.021333
15 0.551000 0.390667 0.014000 0.018667
15 0.399000 0.332000 0.014000 0.024000
15 0.410000 0.326667 0.008000 0.013333
15 0.418000 0.334667 0.012000 0.018667
15 0.463000 0.392000 0.014000 0.016000
15 0.468000 0.384000 0.012000 0.016000
15 0.474000 0.384000 0.012000 0.016000
15 0.482000 0.386667 0.008000 0.021333
15 0.482000 0.338667 0.008000 0.016000
15 0.477000 0.322667 0.010000 0.016000
15 0.467000 0.330667 0.010000 0.016000
15 0.439000 0.150667 0.010000 0.013333
15 0.446000 0.142667 0.008000 0.018667
15 0.454000 0.146667 0.008000 0.016000
15 0.468000 0.158667 0.008000 0.013333
15 0.471000 0.150667 0.006000 0.013333
15 0.476000 0.146667 0.012000 0.021333
16 0.403000 0.340000 0.042000 0.066667
16 0.441000 0.158667 0.038000 0.077333
16 0.475000 0.162667 0.034000 0.053333
16 0.475000 0.329333 0.030000 0.066667
16 0.477000 0.396000 0.038000 0.066667
16 0.519000 0.488000 0.034000 0.058667
16 0.549000 0.402667 0.042000 0.064000
