16 0.423000 0.165333 0.050000 0.053333
16 0.675000 0.276000 0.062000 0.050667
16 0.376000 0.481333 0.056000 0.045333
16 0.330000 0.490667 0.044000 0.053333
16 0.445000 0.392000 0.038000 0.048000
16 0.474000 0.436000 0.036000 0.061333
16 0.738000 0.508000 0.044000 0.066667
16 0.198000 0.425333 0.020000 0.050667
16 0.186000 0.521333 0.024000 0.034667
16 0.220000 0.525333 0.024000 0.037333
16 0.223000 0.576000 0.022000 0.042667
16 0.161000 0.542667 0.022000 0.029333
16 0.152000 0.561333 0.028000 0.045333
16 0.668000 0.493333 0.028000 0.048000
16 0.700000 0.486667 0.020000 0.045333
16 0.647000 0.484000 0.034000 0.029333
16 0.629000 0.501333 0.026000 0.042667
