15 0.471000 0.750667 0.034000 0.061333
15 0.304000 0.622667 0.036000 0.050667
15 0.343000 0.574667 0.030000 0.082667
15 0.328000 0.554667 0.020000 0.032000
15 0.360000 0.534667 0.016000 0.029333
15 0.381000 0.518667 0.030000 0.072000
15 0.443000 0.554667 0.022000 0.064000
15 0.433000 0.522667 0.034000 0.085333
15 0.425000 0.474667 0.026000 0.037333
15 0.467000 0.518667 0.018000 0.098667
15 0.471000 0.542667 0.022000 0.061333
15 0.454000 0.490667 0.024000 0.037333
15 0.621000 0.470667 0.042000 0.045333
15 0.641000 0.442667 0.046000 0.064000
15 0.657000 0.426667 0.026000 0.042667
15 0.688000 0.442667 0.036000 0.042667
15 0.684000 0.362667 0.068000 0.112000
15 0.718000 0.294667 0.044000 0.034667
15 0.738000 0.366667 0.056000 0.109333
15 0.842000 0.338667 0.044000 0.133333
15 0.817000 0.306667 0.034000 0.117333
15 0.795000 0.294667 0.038000 0.077333
15 0.866000 0.278667 0.040000 0.066667
15 0.890000 0.370667 0.036000 0.085333
16 0.388000 0.594667 0.240000 0.229333
16 0.759000 0.446667 0.334000 0.274667
16 0.896000 0.048000 0.188000 0.090667
