15 0.515000 0.582667 0.054000 0.072000
15 0.524000 0.498667 0.040000 0.090667
15 0.490000 0.506667 0.016000 0.048000
15 0.492000 0.474667 0.024000 0.069333
15 0.487000 0.446667 0.026000 0.056000
15 0.490000 0.418667 0.052000 0.090667
15 0.466000 0.382667 0.044000 0.125333
15 0.416000 0.398667 0.028000 0.040000
15 0.405000 0.360000 0.038000 0.096000
15 0.382000 0.374667 0.016000 0.056000
15 0.354000 0.358667 0.040000 0.072000
15 0.332000 0.346667 0.028000 0.053333
15 0.312000 0.370667 0.028000 0.069333
15 0.295000 0.346667 0.038000 0.074667
15 0.276000 0.366667 0.016000 0.066667
15 0.240000 0.338667 0.044000 0.058667
15 0.244000 0.394667 0.044000 0.069333
15 0.203000 0.410667 0.058000 0.090667
15 0.172000 0.402667 0.076000 0.138667
15 0.555000 0.386667 0.030000 0.032000
15 0.536000 0.366667 0.040000 0.034667
15 0.540000 0.346667 0.028000 0.026667
15 0.529000 0.324000 0.038000 0.040000
15 0.544000 0.290667 0.044000 0.042667
15 0.549000 0.310667 0.030000 0.029333
15 0.554000 0.270667 0.044000 0.045333
15 0.551000 0.234667 0.046000 0.058667
15 0.575000 0.218667 0.038000 0.053333
15 0.582000 0.196000 0.016000 0.024000
15 0.597000 0.190667 0.030000 0.050667
15 0.618000 0.186667 0.032000 0.058667
15 0.653000 0.190667 0.018000 0.045333
15 0.640000 0.174667 0.020000 0.056000
15 0.630000 0.174667 0.016000 0.034667
15 0.669000 0.182667 0.022000 0.066667
15 0.692000 0.194667 0.020000 0.048000
15 0.690000 0.174667 0.020000 0.034667
15 0.702000 0.208000 0.028000 0.048000
15 0.712000 0.218667 0.020000 0.032000
15 0.725000 0.214667 0.018000 0.040000
15 0.734000 0.230667 0.020000 0.040000
16 0.324000 0.468000 0.432000 0.386667
16 0.646000 0.250667 0.300000 0.224000
