15 0.722667 0.635000 0.069333 0.082000
15 0.574667 0.556000 0.056000 0.060000
15 0.382667 0.569000 0.093333 0.066000
15 0.218667 0.699000 0.058667 0.062000
15 0.214667 0.662000 0.034667 0.032000
15 0.176000 0.660000 0.048000 0.052000
15 0.126667 0.665000 0.040000 0.070000
15 0.106667 0.635000 0.032000 0.034000
15 0.038667 0.631000 0.045333 0.058000
15 0.116000 0.594000 0.072000 0.028000
15 0.150667 0.625000 0.034667 0.026000
15 0.170667 0.607000 0.037333 0.038000
15 0.028000 0.592000 0.050667 0.036000
15 0.082667 0.584000 0.042667 0.020000
15 0.020000 0.628000 0.034667 0.028000
15 0.390667 0.552000 0.029333 0.024000
15 0.446667 0.517000 0.024000 0.022000
15 0.398667 0.517000 0.045333 0.038000
15 0.404000 0.485000 0.040000 0.026000
15 0.430667 0.474000 0.034667 0.036000
15 0.422667 0.461000 0.018667 0.014000
15 0.450667 0.468000 0.053333 0.056000
15 0.490667 0.472000 0.032000 0.024000
15 0.476000 0.451000 0.024000 0.018000
15 0.502667 0.453000 0.077333 0.070000
15 0.574667 0.490000 0.040000 0.068000
15 0.560000 0.445000 0.048000 0.030000
15 0.550667 0.424000 0.040000 0.012000
15 0.546667 0.411000 0.064000 0.026000
15 0.718667 0.537000 0.098667 0.018000
15 0.698667 0.555000 0.053333 0.026000
15 0.622667 0.452000 0.029333 0.076000
15 0.662667 0.464000 0.024000 0.076000
15 0.682667 0.479000 0.032000 0.050000
15 0.714667 0.481000 0.037333 0.042000
15 0.754667 0.488000 0.064000 0.056000
15 0.712000 0.444000 0.048000 0.040000
15 0.674667 0.409000 0.074667 0.038000
15 0.598667 0.395000 0.093333 0.030000
15 0.230667 0.321000 0.061333 0.050000
15 0.302667 0.295000 0.029333 0.026000
15 0.226667 0.220000 0.042667 0.036000
15 0.170667 0.232000 0.037333 0.024000
15 0.166667 0.203000 0.045333 0.030000
15 0.186667 0.195000 0.032000 0.030000
15 0.210667 0.183000 0.042667 0.030000
15 0.258667 0.179000 0.026667 0.014000
15 0.150667 0.171000 0.034667 0.022000
15 0.354667 0.159000 0.032000 0.050000
15 0.454667 0.179000 0.050667 0.034000
15 0.188000 0.159000 0.040000 0.030000
15 0.174667 0.168000 0.029333 0.016000
15 0.258667 0.149000 0.037333 0.038000
15 0.302667 0.143000 0.029333 0.034000
15 0.342667 0.130000 0.029333 0.016000
15 0.222667 0.148000 0.045333 0.036000
15 0.190667 0.139000 0.018667 0.014000
15 0.198667 0.127000 0.029333 0.010000
15 0.214667 0.121000 0.029333 0.018000
15 0.250667 0.120000 0.037333 0.028000
15 0.242667 0.101000 0.026667 0.022000
15 0.290667 0.113000 0.037333 0.038000
15 0.274667 0.086000 0.037333 0.016000
15 0.346667 0.110000 0.026667 0.032000
15 0.326667 0.101000 0.029333 0.026000
15 0.302667 0.088000 0.018667 0.016000
15 0.336000 0.078000 0.032000 0.024000
15 0.330667 0.056000 0.058667 0.024000
15 0.374667 0.100000 0.024000 0.048000
15 0.374667 0.068000 0.034667 0.008000
15 0.406667 0.107000 0.050667 0.050000
15 0.454667 0.130000 0.082667 0.052000
15 0.478667 0.144000 0.034667 0.028000
15 0.430667 0.078000 0.066667 0.048000
16 0.302667 0.193000 0.365333 0.210000
16 0.546667 0.525000 0.362667 0.214000
16 0.101333 0.659000 0.197333 0.218000
