15 0.658667 0.607000 0.192000 0.122000
15 0.478667 0.544000 0.200000 0.172000
15 0.342667 0.507000 0.120000 0.134000
15 0.310667 0.407000 0.109333 0.066000
15 0.426667 0.445000 0.074667 0.070000
15 0.598667 0.510000 0.109333 0.112000
15 0.658667 0.472000 0.117333 0.096000
15 0.778667 0.453000 0.133333 0.102000
15 0.830667 0.502000 0.114667 0.088000
15 0.846667 0.294000 0.285333 0.188000
15 0.662667 0.378000 0.141333 0.096000
15 0.518667 0.390000 0.130667 0.080000
15 0.610667 0.318000 0.112000 0.076000
15 0.482667 0.316000 0.122667 0.076000
15 0.526667 0.247000 0.104000 0.070000
15 0.602667 0.220000 0.058667 0.056000
15 0.558667 0.154000 0.088000 0.052000
15 0.642667 0.093000 0.074667 0.074000
15 0.410667 0.395000 0.074667 0.058000
15 0.366667 0.370000 0.066667 0.040000
15 0.342667 0.351000 0.072000 0.046000
15 0.334667 0.324000 0.072000 0.040000
15 0.314667 0.288000 0.037333 0.032000
15 0.354667 0.280000 0.064000 0.048000
15 0.462667 0.137000 0.066667 0.062000
15 0.514667 0.106000 0.048000 0.036000
15 0.440000 0.259000 0.112000 0.082000
15 0.406667 0.178000 0.066667 0.052000
15 0.398667 0.131000 0.082667 0.046000
15 0.362667 0.095000 0.080000 0.026000
15 0.354667 0.137000 0.069333 0.050000
15 0.258667 0.109000 0.085333 0.034000
15 0.270667 0.149000 0.098667 0.086000
15 0.346667 0.203000 0.085333 0.054000
15 0.286667 0.245000 0.082667 0.070000
15 0.234667 0.180000 0.069333 0.068000
16 0.560000 0.366000 0.773333 0.580000
