15 0.500000 0.326667 0.008000 0.024000
15 0.493000 0.326667 0.010000 0.024000
15 0.485000 0.326667 0.010000 0.024000
15 0.465000 0.178667 0.014000 0.016000
15 0.467000 0.174667 0.014000 0.013333
15 0.516000 0.158667 0.012000 0.013333
15 0.521000 0.146667 0.018000 0.010667
15 0.519000 0.138667 0.010000 0.010667
15 0.465000 0.158667 0.014000 0.013333
15 0.467000 0.150667 0.010000 0.018667
15 0.475000 0.138667 0.014000 0.016000
15 0.486000 0.134667 0.016000 0.013333
15 0.489000 0.122667 0.010000 0.016000
15 0.501000 0.122667 0.010000 0.021333
16 0.488000 0.150667 0.088000 0.093333
