15 0.594000 0.438667 0.008000 0.018667
15 0.561000 0.370667 0.014000 0.021333
15 0.458000 0.366667 0.016000 0.018667
15 0.476000 0.330667 0.008000 0.016000
15 0.483000 0.326667 0.014000 0.018667
15 0.522000 0.130667 0.012000 0.021333
15 0.529000 0.118667 0.014000 0.018667
15 0.543000 0.122667 0.010000 0.016000
15 0.935000 0.634667 0.010000 0.016000
15 0.442000 0.566667 0.008000 0.013333
15 0.228000 0.542667 0.012000 0.013333
15 0.214000 0.598667 0.012000 0.008000
15 0.115000 0.550667 0.014000 0.013333
15 0.114000 0.574667 0.008000 0.008000
15 0.117000 0.634667 0.014000 0.016000
15 0.100000 0.622667 0.008000 0.008000
15 0.088000 0.652000 0.012000 0.008000
16 0.531000 0.133333 0.042000 0.058667
16 0.480000 0.332000 0.036000 0.045333
16 0.457000 0.369333 0.030000 0.050667
16 0.567000 0.382667 0.030000 0.045333
16 0.581000 0.405333 0.014000 0.042667
16 0.595000 0.442667 0.022000 0.048000
16 0.630000 0.617333 0.020000 0.034667
16 0.583000 0.656000 0.026000 0.048000
16 0.553000 0.618667 0.022000 0.037333
16 0.530000 0.612000 0.020000 0.040000
16 0.931000 0.642667 0.022000 0.048000
16 0.956000 0.710667 0.016000 0.018667
16 0.873000 0.674667 0.026000 0.037333
16 0.786000 0.658667 0.020000 0.026667
16 0.739000 0.673333 0.022000 0.024000
16 0.439000 0.566667 0.026000 0.034667
16 0.829000 0.713333 0.022000 0.024000
16 0.228000 0.548000 0.028000 0.034667
16 0.217000 0.597333 0.022000 0.032000
16 0.113000 0.554667 0.022000 0.026667
16 0.115000 0.637333 0.014000 0.016000
16 0.101000 0.628000 0.010000 0.013333
16 0.090000 0.653333 0.012000 0.016000
