15 0.464000 0.442667 0.012000 0.010667
15 0.460000 0.426667 0.012000 0.016000
15 0.468000 0.424000 0.016000 0.016000
15 0.481000 0.426667 0.014000 0.021333
15 0.421000 0.418667 0.010000 0.021333
15 0.426000 0.402667 0.012000 0.021333
15 0.436000 0.404000 0.012000 0.024000
15 0.445000 0.414667 0.010000 0.018667
15 0.451000 0.402667 0.010000 0.021333
15 0.459000 0.398667 0.006000 0.018667
15 0.465000 0.394667 0.010000 0.026667
15 0.472000 0.402667 0.008000 0.021333
15 0.455000 0.110667 0.014000 0.018667
15 0.466000 0.102667 0.012000 0.024000
15 0.457000 0.096000 0.010000 0.016000
15 0.468000 0.086667 0.012000 0.013333
15 0.479000 0.098667 0.014000 0.021333
15 0.792000 0.518667 0.008000 0.013333
15 0.784000 0.518667 0.008000 0.018667
16 0.464000 0.108000 0.068000 0.082667
16 0.466000 0.416000 0.048000 0.069333
16 0.426000 0.413333 0.044000 0.064000
16 0.785000 0.522667 0.030000 0.053333
