15 0.662667 0.616000 0.088000 0.048000
15 0.666667 0.571000 0.080000 0.038000
15 0.676000 0.504000 0.104000 0.076000
15 0.558667 0.541000 0.088000 0.058000
15 0.378667 0.537000 0.138667 0.074000
15 0.466667 0.480000 0.090667 0.100000
15 0.562667 0.454000 0.106667 0.100000
15 0.690667 0.442000 0.074667 0.064000
15 0.796000 0.486000 0.072000 0.064000
15 0.898667 0.543000 0.074667 0.050000
15 0.926667 0.528000 0.082667 0.048000
15 0.858667 0.468000 0.074667 0.064000
15 0.910667 0.446000 0.034667 0.040000
15 0.850667 0.414000 0.053333 0.064000
15 0.764000 0.406000 0.072000 0.076000
15 0.794667 0.380000 0.058667 0.040000
15 0.662667 0.405000 0.061333 0.030000
15 0.596000 0.345000 0.184000 0.098000
15 0.350667 0.440000 0.136000 0.104000
15 0.278667 0.500000 0.088000 0.076000
15 0.346667 0.373000 0.080000 0.058000
15 0.394667 0.326000 0.074667 0.068000
16 0.596000 0.487000 0.637333 0.390000
