15 0.310667 0.645000 0.029333 0.042000
15 0.322667 0.669000 0.042667 0.034000
15 0.286667 0.626000 0.024000 0.032000
15 0.278667 0.643000 0.029333 0.038000
15 0.250667 0.668000 0.026667 0.040000
15 0.262667 0.639000 0.018667 0.018000
15 0.234667 0.634000 0.026667 0.024000
15 0.210667 0.648000 0.037333 0.036000
15 0.170667 0.650000 0.058667 0.036000
15 0.158667 0.676000 0.029333 0.028000
15 0.166667 0.667000 0.024000 0.014000
15 0.146667 0.681000 0.032000 0.014000
15 0.154667 0.695000 0.026667 0.018000
15 0.156000 0.708000 0.040000 0.020000
15 0.158667 0.726000 0.018667 0.016000
15 0.710667 0.646000 0.029333 0.032000
15 0.722667 0.633000 0.021333 0.018000
15 0.738667 0.595000 0.021333 0.026000
15 0.738667 0.576000 0.026667 0.024000
15 0.754667 0.549000 0.021333 0.018000
15 0.754667 0.533000 0.021333 0.022000
15 0.778667 0.528000 0.021333 0.016000
15 0.758667 0.515000 0.013333 0.010000
15 0.774667 0.515000 0.013333 0.010000
15 0.786667 0.509000 0.016000 0.014000
15 0.794667 0.496000 0.016000 0.016000
15 0.818667 0.498000 0.021333 0.024000
15 0.838667 0.504000 0.018667 0.020000
15 0.832000 0.487000 0.016000 0.014000
15 0.862667 0.493000 0.029333 0.018000
15 0.894667 0.510000 0.024000 0.024000
15 0.898667 0.544000 0.032000 0.020000
15 0.898667 0.529000 0.037333 0.010000
15 0.626667 0.448000 0.037333 0.028000
15 0.610667 0.414000 0.042667 0.040000
15 0.578667 0.403000 0.021333 0.030000
15 0.550667 0.405000 0.040000 0.034000
15 0.482667 0.490000 0.053333 0.032000
15 0.458667 0.458000 0.032000 0.016000
15 0.474667 0.437000 0.042667 0.034000
15 0.506667 0.430000 0.032000 0.028000
15 0.476000 0.410000 0.024000 0.032000
15 0.522667 0.404000 0.026667 0.020000
15 0.502667 0.410000 0.024000 0.016000
15 0.582667 0.343000 0.024000 0.018000
15 0.506667 0.279000 0.026667 0.014000
15 0.494667 0.268000 0.024000 0.012000
15 0.506667 0.259000 0.016000 0.010000
15 0.518667 0.258000 0.013333 0.016000
15 0.530667 0.255000 0.016000 0.018000
15 0.538667 0.263000 0.016000 0.018000
15 0.578667 0.267000 0.026667 0.022000
15 0.554667 0.264000 0.021333 0.012000
15 0.586667 0.286000 0.021333 0.024000
16 0.536000 0.281000 0.154667 0.082000
16 0.541333 0.438000 0.208000 0.116000
16 0.833333 0.522000 0.157333 0.108000
16 0.229333 0.672000 0.229333 0.108000
