15 0.237000 0.890667 0.170000 0.186667
15 0.260000 0.764000 0.196000 0.264000
15 0.317000 0.644000 0.174000 0.280000
15 0.328000 0.762667 0.052000 0.074667
15 0.375000 0.678667 0.058000 0.125333
15 0.388000 0.566667 0.156000 0.258667
15 0.496000 0.414667 0.284000 0.226667
15 0.643000 0.468000 0.062000 0.312000
15 0.746000 0.604000 0.108000 0.264000
15 0.767000 0.430667 0.094000 0.130667
15 0.692000 0.442667 0.044000 0.101333
15 0.861000 0.518667 0.098000 0.200000
15 0.891000 0.586667 0.026000 0.069333
15 0.904000 0.678667 0.080000 0.146667
15 0.970000 0.814667 0.056000 0.205333
15 0.976000 0.926667 0.048000 0.072000
15 0.813000 0.758667 0.050000 0.109333
15 0.695000 0.106667 0.086000 0.122667
15 0.697000 0.202667 0.050000 0.117333
15 0.669000 0.034667 0.126000 0.064000
16 0.576000 0.742667 0.824000 0.514667
16 0.373000 0.184000 0.742000 0.357333
