15 0.418000 0.830667 0.060000 0.178667
15 0.302000 0.734667 0.096000 0.157333
15 0.302000 0.634667 0.072000 0.090667
15 0.197000 0.560000 0.094000 0.176000
15 0.215000 0.426667 0.186000 0.261333
15 0.395000 0.578667 0.118000 0.213333
15 0.436000 0.556000 0.072000 0.136000
15 0.517000 0.570667 0.094000 0.218667
15 0.638000 0.642667 0.088000 0.213333
15 0.780000 0.674667 0.076000 0.208000
15 0.393000 0.378667 0.070000 0.154667
15 0.331000 0.372000 0.074000 0.136000
15 0.325000 0.378667 0.094000 0.106667
15 0.449000 0.322667 0.138000 0.245333
15 0.503000 0.338667 0.046000 0.122667
15 0.579000 0.374667 0.090000 0.237333
15 0.552000 0.382667 0.052000 0.136000
15 0.652000 0.378667 0.072000 0.197333
15 0.746000 0.570667 0.076000 0.154667
15 0.846000 0.630667 0.056000 0.173333
15 0.868000 0.738667 0.040000 0.106667
15 0.689000 0.526667 0.038000 0.066667
16 0.517000 0.692000 0.714000 0.616000
16 0.378000 0.106667 0.532000 0.208000
