15 0.418667 0.566000 0.010667 0.008000
15 0.422667 0.559000 0.008000 0.006000
15 0.434667 0.560000 0.010667 0.012000
15 0.446667 0.565000 0.013333 0.014000
15 0.258667 0.305000 0.016000 0.010000
15 0.262667 0.299000 0.013333 0.010000
15 0.270667 0.295000 0.013333 0.010000
15 0.282667 0.299000 0.010667 0.010000
15 0.358667 0.436000 0.013333 0.012000
15 0.346667 0.432000 0.010667 0.012000
15 0.336000 0.433000 0.016000 0.014000
15 0.330667 0.444000 0.010667 0.012000
15 0.582667 0.486000 0.013333 0.016000
15 0.586667 0.478000 0.010667 0.008000
15 0.560000 0.469000 0.016000 0.010000
15 0.570667 0.467000 0.010667 0.006000
15 0.578667 0.468000 0.016000 0.008000
15 0.506667 0.452000 0.016000 0.016000
15 0.522667 0.455000 0.016000 0.010000
15 0.714667 0.279000 0.016000 0.014000
15 0.722667 0.272000 0.010667 0.012000
15 0.730667 0.271000 0.010667 0.010000
15 0.738667 0.280000 0.010667 0.016000
15 0.538667 0.317000 0.010667 0.014000
15 0.546667 0.316000 0.010667 0.016000
15 0.554667 0.314000 0.010667 0.016000
15 0.374667 0.321000 0.018667 0.014000
15 0.382667 0.315000 0.013333 0.010000
15 0.394667 0.316000 0.010667 0.012000
15 0.402667 0.182000 0.010667 0.008000
15 0.410667 0.176000 0.016000 0.008000
15 0.418667 0.173000 0.010667 0.014000
15 0.438667 0.176000 0.013333 0.016000
15 0.438667 0.186000 0.013333 0.008000
15 0.458667 0.208000 0.010667 0.008000
15 0.466667 0.199000 0.010667 0.010000
15 0.478667 0.198000 0.008000 0.008000
15 0.490667 0.202000 0.010667 0.012000
15 0.494667 0.117000 0.013333 0.014000
15 0.498667 0.108000 0.010667 0.008000
15 0.502667 0.108000 0.013333 0.012000
15 0.510667 0.105000 0.013333 0.014000
15 0.520000 0.117000 0.016000 0.014000
16 0.718667 0.282000 0.088000 0.060000
16 0.509333 0.113000 0.085333 0.050000
16 0.478667 0.205000 0.061333 0.034000
16 0.548000 0.318000 0.056000 0.040000
16 0.580000 0.478000 0.061333 0.052000
16 0.513333 0.455000 0.056000 0.038000
16 0.420000 0.183000 0.066667 0.050000
16 0.378667 0.326000 0.074667 0.044000
16 0.269333 0.305000 0.074667 0.042000
16 0.345333 0.437000 0.088000 0.046000
16 0.424000 0.559000 0.080000 0.042000
