15 0.949000 0.582667 0.038000 0.050667
15 0.978000 0.566667 0.016000 0.050667
15 0.603000 0.562667 0.014000 0.016000
15 0.608000 0.552000 0.012000 0.016000
15 0.620000 0.550667 0.012000 0.018667
15 0.636000 0.558667 0.012000 0.024000
15 0.615000 0.528000 0.006000 0.016000
15 0.592000 0.546667 0.012000 0.010667
15 0.628000 0.538667 0.012000 0.016000
15 0.638000 0.530667 0.008000 0.010667
15 0.653000 0.562667 0.014000 0.021333
15 0.651000 0.546667 0.014000 0.021333
15 0.559000 0.478667 0.018000 0.018667
15 0.579000 0.486667 0.014000 0.029333
15 0.596000 0.498667 0.016000 0.032000
15 0.600000 0.486667 0.016000 0.018667
15 0.535000 0.454667 0.014000 0.029333
15 0.557000 0.450667 0.014000 0.016000
15 0.544000 0.442667 0.012000 0.016000
15 0.564000 0.442667 0.020000 0.021333
15 0.586000 0.446667 0.016000 0.013333
15 0.579000 0.470667 0.014000 0.024000
15 0.799000 0.438667 0.022000 0.018667
16 0.562000 0.484000 0.084000 0.125333
16 0.630000 0.580000 0.060000 0.104000
16 0.395000 0.036000 0.082000 0.066667
16 0.796000 0.446667 0.044000 0.056000
16 0.762000 0.453333 0.044000 0.048000
16 0.740000 0.680000 0.032000 0.048000
16 0.811000 0.581333 0.050000 0.053333
16 0.952000 0.653333 0.096000 0.181333
16 0.151000 0.824000 0.042000 0.064000
16 0.263000 0.905333 0.046000 0.045333
16 0.687000 0.657333 0.034000 0.045333
16 0.708000 0.773333 0.028000 0.048000
16 0.662000 0.797333 0.028000 0.032000
