15 0.261566 0.371000 0.024911 0.014000
15 0.412811 0.362000 0.014235 0.008000
15 0.414591 0.368000 0.010676 0.008000
15 0.453737 0.367000 0.017794 0.006000
15 0.453737 0.363000 0.017794 0.006000
15 0.434164 0.360000 0.014235 0.008000
15 0.151246 0.277000 0.017794 0.006000
15 0.153025 0.271000 0.014235 0.006000
15 0.156584 0.267000 0.021352 0.006000
15 0.167260 0.264000 0.014235 0.008000
15 0.181495 0.263000 0.014235 0.010000
15 0.195730 0.277000 0.014235 0.006000
15 0.354093 0.259000 0.017794 0.006000
15 0.348754 0.251000 0.014235 0.006000
15 0.359431 0.247000 0.021352 0.010000
15 0.379004 0.249000 0.010676 0.010000
15 0.398577 0.252000 0.021352 0.008000
15 0.389680 0.258000 0.010676 0.008000
15 0.265125 0.185000 0.032028 0.010000
15 0.275801 0.179000 0.024911 0.006000
15 0.270463 0.218000 0.014235 0.008000
15 0.284698 0.114000 0.021352 0.008000
15 0.281139 0.117000 0.021352 0.010000
15 0.325623 0.117000 0.017794 0.010000
15 0.290036 0.108000 0.017794 0.008000
15 0.309609 0.107000 0.014235 0.006000
15 0.325623 0.110000 0.017794 0.008000
16 0.306050 0.117000 0.106762 0.050000
16 0.270463 0.185000 0.064057 0.030000
16 0.373665 0.262000 0.078292 0.040000
16 0.434164 0.367000 0.099644 0.038000
16 0.265125 0.375000 0.046263 0.026000
16 0.170819 0.275000 0.085409 0.046000
