15 0.765766 0.963000 0.012012 0.010000
15 0.767267 0.956000 0.021021 0.016000
15 0.783784 0.951000 0.012012 0.010000
15 0.791291 0.958000 0.015015 0.012000
15 0.806306 0.966000 0.015015 0.016000
15 0.774775 0.748000 0.012012 0.012000
15 0.779279 0.743000 0.015015 0.010000
15 0.795796 0.741000 0.012012 0.014000
15 0.810811 0.747000 0.012012 0.010000
15 0.534535 0.479000 0.024024 0.014000
15 0.537538 0.470000 0.018018 0.016000
15 0.555556 0.469000 0.018018 0.014000
15 0.576577 0.477000 0.024024 0.014000
15 0.596096 0.479000 0.021021 0.010000
15 0.597598 0.488000 0.024024 0.016000
15 0.393393 0.221000 0.024024 0.010000
15 0.391892 0.227000 0.015015 0.006000
15 0.412913 0.222000 0.015015 0.016000
15 0.424925 0.227000 0.021021 0.014000
15 0.468468 0.230000 0.012012 0.008000
15 0.484985 0.234000 0.009009 0.012000
15 0.495495 0.234000 0.012012 0.020000
15 0.509009 0.239000 0.021021 0.022000
16 0.414414 0.257000 0.366366 0.102000
16 0.561562 0.492000 0.114114 0.076000
16 0.789790 0.754000 0.084084 0.052000
16 0.777778 0.964000 0.096096 0.052000
