15 0.422667 0.446000 0.008000 0.008000
15 0.436000 0.441000 0.008000 0.010000
15 0.446667 0.443000 0.008000 0.014000
15 0.542667 0.415000 0.008000 0.010000
15 0.550667 0.412000 0.008000 0.008000
15 0.561333 0.412000 0.008000 0.012000
15 0.569333 0.415000 0.008000 0.006000
15 0.570667 0.434000 0.010667 0.008000
15 0.466667 0.316000 0.016000 0.012000
15 0.478667 0.309000 0.013333 0.006000
15 0.486667 0.311000 0.008000 0.010000
15 0.494667 0.228000 0.008000 0.008000
15 0.506667 0.222000 0.010667 0.008000
15 0.518667 0.225000 0.013333 0.010000
16 0.505333 0.231000 0.061333 0.034000
16 0.466667 0.319000 0.069333 0.038000
16 0.428000 0.449000 0.050667 0.038000
16 0.564000 0.427000 0.045333 0.054000
