15 0.330667 0.447000 0.010667 0.010000
15 0.330667 0.440000 0.010667 0.008000
15 0.322667 0.431000 0.010667 0.006000
15 0.326667 0.419000 0.008000 0.006000
15 0.322667 0.413000 0.010667 0.006000
15 0.330667 0.409000 0.016000 0.006000
15 0.346667 0.406000 0.010667 0.008000
15 0.358667 0.410000 0.013333 0.008000
15 0.362667 0.417000 0.016000 0.010000
15 0.266667 0.368000 0.010667 0.008000
15 0.274667 0.360000 0.016000 0.008000
15 0.282667 0.358000 0.010667 0.012000
15 0.294667 0.364000 0.013333 0.012000
15 0.470667 0.480000 0.008000 0.012000
15 0.476000 0.477000 0.008000 0.006000
15 0.510667 0.423000 0.008000 0.006000
15 0.518667 0.426000 0.008000 0.008000
15 0.502667 0.413000 0.008000 0.006000
15 0.510667 0.410000 0.013333 0.004000
15 0.518667 0.411000 0.013333 0.010000
15 0.314667 0.334000 0.010667 0.008000
15 0.318667 0.330000 0.013333 0.008000
15 0.330667 0.330000 0.005333 0.008000
15 0.338667 0.330000 0.010667 0.012000
15 0.330667 0.315000 0.010667 0.010000
15 0.342667 0.316000 0.013333 0.012000
15 0.362667 0.328000 0.010667 0.012000
15 0.370667 0.331000 0.016000 0.010000
15 0.384000 0.328000 0.016000 0.012000
15 0.370667 0.323000 0.010667 0.010000
15 0.550667 0.223000 0.013333 0.010000
15 0.546667 0.231000 0.016000 0.010000
15 0.514667 0.214000 0.016000 0.012000
15 0.526667 0.210000 0.013333 0.008000
15 0.538667 0.210000 0.010667 0.012000
15 0.546667 0.212000 0.010667 0.008000
15 0.478667 0.260000 0.008000 0.008000
15 0.482667 0.265000 0.010667 0.006000
15 0.510667 0.275000 0.008000 0.010000
15 0.506667 0.264000 0.010667 0.012000
15 0.486667 0.259000 0.013333 0.010000
15 0.498667 0.260000 0.010667 0.008000
15 0.368000 0.273000 0.016000 0.006000
15 0.374667 0.269000 0.008000 0.006000
15 0.386667 0.267000 0.010667 0.006000
15 0.386667 0.275000 0.010667 0.010000
15 0.394667 0.275000 0.010667 0.010000
15 0.410667 0.279000 0.010667 0.014000
15 0.330667 0.212000 0.016000 0.012000
15 0.336000 0.203000 0.016000 0.014000
15 0.334667 0.188000 0.013333 0.012000
15 0.330667 0.158000 0.010667 0.008000
15 0.330667 0.150000 0.010667 0.008000
15 0.338667 0.148000 0.010667 0.008000
15 0.354667 0.155000 0.010667 0.010000
15 0.354667 0.161000 0.010667 0.010000
15 0.450667 0.207000 0.016000 0.014000
15 0.366667 0.133000 0.013333 0.006000
15 0.362667 0.141000 0.010667 0.010000
15 0.374667 0.130000 0.008000 0.008000
15 0.386667 0.133000 0.005333 0.006000
15 0.390667 0.131000 0.008000 0.010000
15 0.394667 0.140000 0.010667 0.012000
15 0.446667 0.137000 0.008000 0.010000
15 0.446667 0.130000 0.008000 0.008000
15 0.442667 0.102000 0.010667 0.012000
15 0.442667 0.094000 0.010667 0.008000
15 0.406667 0.104000 0.013333 0.012000
15 0.410667 0.081000 0.010667 0.006000
15 0.414667 0.074000 0.013333 0.012000
15 0.426667 0.077000 0.010667 0.010000
15 0.434667 0.079000 0.010667 0.010000
15 0.442667 0.083000 0.010667 0.010000
16 0.536000 0.221000 0.058667 0.034000
16 0.496000 0.268000 0.058667 0.036000
16 0.426667 0.085000 0.069333 0.038000
16 0.433333 0.130000 0.056000 0.032000
16 0.376000 0.137000 0.053333 0.034000
16 0.341333 0.156000 0.053333 0.032000
16 0.340000 0.200000 0.045333 0.040000
16 0.400000 0.284000 0.048000 0.028000
16 0.374667 0.278000 0.029333 0.028000
16 0.374667 0.331000 0.050667 0.030000
16 0.326667 0.336000 0.040000 0.036000
16 0.281333 0.366000 0.056000 0.032000
16 0.344000 0.414000 0.058667 0.032000
16 0.469333 0.510000 0.037333 0.028000
16 0.476000 0.480000 0.029333 0.024000
16 0.518667 0.420000 0.024000 0.032000
16 0.494667 0.416000 0.018667 0.020000
16 0.478667 0.425000 0.029333 0.018000
