15 0.577000 0.517689 0.062000 0.120283
15 0.636000 0.527123 0.052000 0.134434
15 0.478000 0.536557 0.060000 0.087264
15 0.523000 0.503538 0.062000 0.162736
15 0.684000 0.594340 0.048000 0.056604
15 0.664000 0.542453 0.040000 0.056604
15 0.690000 0.556604 0.028000 0.047170
15 0.676000 0.498821 0.036000 0.063679
15 0.351000 0.536557 0.146000 0.120283
15 0.421000 0.406840 0.098000 0.091981
15 0.529000 0.397406 0.062000 0.054245
15 0.267000 0.503538 0.062000 0.058962
15 0.580000 0.436321 0.044000 0.047170
16 0.499000 0.591981 0.506000 0.495283
