15 0.238667 0.644000 0.098667 0.072000
15 0.290667 0.389000 0.106667 0.106000
15 0.298667 0.323000 0.058667 0.050000
15 0.290667 0.277000 0.085333 0.038000
15 0.310667 0.237000 0.082667 0.058000
15 0.342667 0.198000 0.077333 0.072000
15 0.282667 0.197000 0.069333 0.038000
15 0.278667 0.123000 0.066667 0.046000
15 0.338667 0.142000 0.069333 0.064000
15 0.382667 0.116000 0.093333 0.096000
15 0.570667 0.105000 0.032000 0.038000
15 0.586667 0.095000 0.048000 0.046000
15 0.614667 0.094000 0.056000 0.064000
15 0.658667 0.101000 0.048000 0.078000
15 0.698667 0.115000 0.074667 0.054000
15 0.746667 0.169000 0.101333 0.030000
15 0.726667 0.200000 0.104000 0.032000
15 0.726667 0.237000 0.077333 0.022000
16 0.498667 0.296000 0.570667 0.500000
