15 0.390667 0.575000 0.104000 0.058000
15 0.410667 0.522000 0.053333 0.052000
15 0.586667 0.537000 0.080000 0.038000
15 0.306667 0.584000 0.058667 0.028000
15 0.332000 0.494000 0.072000 0.036000
15 0.358667 0.461000 0.034667 0.030000
15 0.364000 0.433000 0.072000 0.046000
15 0.390667 0.424000 0.061333 0.048000
15 0.438667 0.427000 0.034667 0.026000
15 0.482667 0.420000 0.037333 0.028000
15 0.534667 0.427000 0.045333 0.030000
15 0.530667 0.410000 0.042667 0.024000
15 0.490667 0.386000 0.053333 0.052000
15 0.530667 0.376000 0.058667 0.060000
15 0.690667 0.404000 0.064000 0.048000
15 0.690667 0.445000 0.069333 0.042000
15 0.634667 0.424000 0.042667 0.048000
16 0.541333 0.515000 0.549333 0.370000
