15 0.886667 0.726000 0.173333 0.100000
15 0.752000 0.326000 0.192000 0.096000
15 0.634667 0.281000 0.085333 0.138000
15 0.512000 0.234000 0.080000 0.124000
15 0.602667 0.217000 0.064000 0.058000
15 0.554667 0.178000 0.042667 0.044000
15 0.382667 0.213000 0.098667 0.146000
15 0.294667 0.205000 0.088000 0.102000
15 0.270667 0.263000 0.104000 0.082000
15 0.186667 0.251000 0.160000 0.094000
15 0.122667 0.189000 0.117333 0.058000
15 0.242667 0.331000 0.058667 0.038000
15 0.346667 0.124000 0.069333 0.028000
15 0.302667 0.142000 0.034667 0.024000
15 0.382667 0.109000 0.056000 0.026000
16 0.453333 0.344000 0.725333 0.484000
