15 0.314103 0.964000 0.098291 0.044000
15 0.527778 0.940000 0.106838 0.040000
15 0.529915 0.874000 0.085470 0.040000
15 0.897436 0.880000 0.085470 0.024000
15 0.183761 0.891000 0.059829 0.038000
15 0.170940 0.867000 0.042735 0.010000
15 0.106838 0.890000 0.059829 0.032000
15 0.213675 0.936000 0.059829 0.036000
15 0.072650 0.943000 0.102564 0.034000
15 0.096154 0.930000 0.055556 0.020000
15 0.113248 0.964000 0.055556 0.016000
15 0.141026 0.975000 0.042735 0.018000
15 0.155983 0.989000 0.038462 0.010000
15 0.029915 0.906000 0.051282 0.028000
15 0.029915 0.886000 0.042735 0.024000
15 0.021368 0.870000 0.034188 0.016000
15 0.053419 0.868000 0.047009 0.020000
15 0.053419 0.846000 0.029915 0.020000
15 0.089744 0.848000 0.025641 0.032000
15 0.113248 0.838000 0.038462 0.016000
15 0.106838 0.821000 0.119658 0.030000
15 0.198718 0.813000 0.047009 0.022000
15 0.286325 0.802000 0.085470 0.028000
15 0.348291 0.825000 0.064103 0.054000
15 0.247863 0.808000 0.068376 0.040000
15 0.465812 0.816000 0.102564 0.044000
15 0.512821 0.792000 0.128205 0.040000
15 0.414530 0.801000 0.034188 0.014000
15 0.423077 0.783000 0.034188 0.018000
15 0.405983 0.754000 0.076923 0.032000
15 0.647436 0.782000 0.029915 0.020000
15 0.589744 0.760000 0.076923 0.044000
15 0.514957 0.743000 0.055556 0.018000
15 0.529915 0.728000 0.051282 0.020000
15 0.465812 0.726000 0.042735 0.016000
15 0.670940 0.717000 0.068376 0.042000
15 0.726496 0.736000 0.051282 0.032000
15 0.897436 0.849000 0.068376 0.026000
15 0.967949 0.846000 0.055556 0.024000
15 0.982906 0.770000 0.034188 0.032000
15 0.948718 0.798000 0.051282 0.016000
15 0.914530 0.824000 0.102564 0.024000
15 0.472222 0.694000 0.081197 0.040000
15 0.510684 0.672000 0.072650 0.032000
15 0.474359 0.664000 0.042735 0.012000
15 0.587607 0.656000 0.047009 0.024000
15 0.553419 0.658000 0.021368 0.020000
15 0.754274 0.699000 0.047009 0.046000
15 0.848291 0.722000 0.038462 0.024000
15 0.811966 0.716000 0.034188 0.028000
15 0.760684 0.661000 0.051282 0.030000
15 0.786325 0.656000 0.042735 0.028000
15 0.794872 0.689000 0.034188 0.030000
15 0.547009 0.615000 0.085470 0.034000
15 0.658120 0.587000 0.059829 0.042000
15 0.692308 0.646000 0.059829 0.024000
15 0.649573 0.649000 0.051282 0.026000
15 0.824786 0.607000 0.085470 0.030000
15 0.786325 0.572000 0.042735 0.032000
15 0.824786 0.574000 0.068376 0.044000
15 0.561966 0.587000 0.047009 0.022000
15 0.555556 0.570000 0.034188 0.008000
15 0.722222 0.541000 0.059829 0.042000
15 0.709402 0.511000 0.051282 0.022000
15 0.662393 0.499000 0.076923 0.030000
15 0.615385 0.506000 0.042735 0.024000
15 0.576923 0.490000 0.042735 0.012000
15 0.397436 0.493000 0.094017 0.038000
15 0.529915 0.518000 0.051282 0.020000
15 0.452991 0.477000 0.042735 0.018000
15 0.459402 0.421000 0.064103 0.038000
15 0.873932 0.515000 0.072650 0.038000
15 0.811966 0.510000 0.059829 0.020000
15 0.666667 0.417000 0.051282 0.042000
15 0.589744 0.409000 0.111111 0.046000
15 0.664530 0.372000 0.055556 0.040000
15 0.850427 0.410000 0.085470 0.044000
15 0.803419 0.343000 0.102564 0.030000
15 0.570513 0.301000 0.072650 0.046000
15 0.467949 0.306000 0.098291 0.028000
15 0.472222 0.261000 0.072650 0.026000
15 0.587607 0.215000 0.098291 0.042000
15 0.690171 0.219000 0.089744 0.046000
15 0.587607 0.172000 0.089744 0.028000
15 0.692308 0.158000 0.094017 0.036000
15 0.752137 0.186000 0.051282 0.024000
15 0.829060 0.209000 0.042735 0.038000
15 0.837607 0.224000 0.059829 0.020000
15 0.884615 0.224000 0.042735 0.024000
15 0.790598 0.208000 0.042735 0.040000
15 0.414530 0.197000 0.068376 0.038000
15 0.470085 0.193000 0.059829 0.022000
15 0.837607 0.147000 0.102564 0.030000
15 0.839744 0.175000 0.055556 0.026000
15 0.700855 0.121000 0.042735 0.034000
15 0.735043 0.126000 0.034188 0.028000
15 0.632479 0.119000 0.042735 0.030000
15 0.623932 0.146000 0.034188 0.020000
15 0.572650 0.142000 0.076923 0.032000
15 0.572650 0.119000 0.042735 0.022000
15 0.502137 0.145000 0.064103 0.026000
15 0.502137 0.118000 0.089744 0.028000
15 0.538462 0.094000 0.051282 0.024000
15 0.448718 0.150000 0.076923 0.032000
15 0.448718 0.115000 0.051282 0.022000
15 0.476496 0.099000 0.081197 0.022000
15 0.444444 0.078000 0.068376 0.020000
15 0.824786 0.058000 0.059829 0.028000
15 0.833333 0.092000 0.068376 0.028000
15 0.405983 0.038000 0.068376 0.024000
15 0.440171 0.030000 0.094017 0.028000
15 0.470085 0.010000 0.051282 0.016000
15 0.519231 0.014000 0.055556 0.024000
15 0.594017 0.019000 0.051282 0.026000
15 0.829060 0.024000 0.076923 0.032000
15 0.732906 0.018000 0.064103 0.032000
15 0.666667 0.017000 0.051282 0.022000
16 0.638889 0.070000 0.534188 0.128000
16 0.634615 0.729000 0.525641 0.194000
16 0.241453 0.866000 0.371795 0.120000
16 0.963675 0.848000 0.072650 0.120000
