15 0.410667 0.676000 0.309333 0.244000
15 0.306667 0.912000 0.170667 0.116000
15 0.330667 0.829000 0.149333 0.074000
15 0.450667 0.895000 0.149333 0.090000
15 0.578667 0.917000 0.133333 0.114000
15 0.678667 0.906000 0.109333 0.080000
15 0.602667 0.811000 0.106667 0.082000
15 0.706667 0.812000 0.117333 0.080000
15 0.196000 0.541000 0.232000 0.170000
15 0.682667 0.622000 0.128000 0.084000
15 0.806667 0.623000 0.125333 0.106000
15 0.893333 0.594000 0.090667 0.092000
15 0.750667 0.522000 0.253333 0.052000
15 0.606667 0.419000 0.210667 0.190000
15 0.434667 0.398000 0.112000 0.160000
15 0.278667 0.369000 0.205333 0.186000
15 0.346667 0.179000 0.048000 0.030000
15 0.362667 0.154000 0.053333 0.048000
15 0.406667 0.148000 0.066667 0.056000
15 0.438667 0.166000 0.018667 0.024000
15 0.470667 0.173000 0.050667 0.054000
15 0.502667 0.195000 0.045333 0.050000
15 0.690667 0.251000 0.069333 0.038000
15 0.698667 0.226000 0.080000 0.028000
15 0.698667 0.180000 0.058667 0.060000
15 0.638667 0.184000 0.056000 0.084000
15 0.646667 0.125000 0.050667 0.050000
15 0.586667 0.167000 0.058667 0.046000
16 0.436000 0.656000 0.824000 0.548000
16 0.850667 0.057000 0.245333 0.110000
16 0.880000 0.886000 0.181333 0.112000
