15 0.517794 0.364000 0.010676 0.008000
15 0.528470 0.361000 0.010676 0.006000
15 0.542705 0.317000 0.017794 0.006000
15 0.556940 0.316000 0.010676 0.008000
15 0.597865 0.353000 0.007117 0.010000
15 0.606762 0.352000 0.003559 0.008000
15 0.617438 0.357000 0.017794 0.010000
15 0.606762 0.295000 0.010676 0.006000
15 0.612100 0.294000 0.007117 0.004000
15 0.581851 0.271000 0.010676 0.006000
15 0.592527 0.274000 0.010676 0.008000
16 0.587189 0.273000 0.035587 0.022000
16 0.610320 0.298000 0.024911 0.016000
16 0.548043 0.318000 0.035587 0.020000
16 0.526690 0.365000 0.035587 0.018000
16 0.612100 0.360000 0.035587 0.024000
