15 0.396040 0.433000 0.019802 0.010000
15 0.407591 0.440000 0.016502 0.016000
15 0.419142 0.448000 0.019802 0.012000
15 0.435644 0.452000 0.013201 0.012000
15 0.440594 0.464000 0.023102 0.020000
15 0.349835 0.380000 0.033003 0.012000
15 0.250825 0.335000 0.013201 0.010000
15 0.247525 0.323000 0.019802 0.010000
15 0.250825 0.310000 0.026403 0.004000
15 0.277228 0.300000 0.013201 0.008000
15 0.280528 0.302000 0.019802 0.008000
15 0.346535 0.336000 0.026403 0.016000
15 0.346535 0.321000 0.013201 0.010000
15 0.331683 0.312000 0.016502 0.012000
15 0.315182 0.305000 0.016502 0.010000
15 0.268977 0.317000 0.009901 0.014000
15 0.280528 0.318000 0.013201 0.012000
15 0.305281 0.316000 0.016502 0.016000
15 0.326733 0.323000 0.019802 0.014000
15 0.608911 0.312000 0.029703 0.016000
15 0.699670 0.254000 0.019802 0.012000
15 0.788779 0.254000 0.013201 0.012000
15 0.699670 0.237000 0.019802 0.014000
15 0.699670 0.223000 0.019802 0.014000
15 0.731023 0.235000 0.023102 0.014000
15 0.808581 0.231000 0.019802 0.014000
15 0.788779 0.238000 0.019802 0.016000
15 0.800330 0.220000 0.016502 0.008000
15 0.795380 0.209000 0.026403 0.010000
15 0.787129 0.203000 0.016502 0.014000
15 0.768977 0.201000 0.013201 0.014000
15 0.749175 0.201000 0.019802 0.014000
15 0.735974 0.199000 0.019802 0.010000
15 0.717822 0.200000 0.029703 0.012000
15 0.701320 0.207000 0.023102 0.018000
15 0.727723 0.218000 0.023102 0.016000
15 0.749175 0.220000 0.019802 0.020000
15 0.778878 0.221000 0.019802 0.022000
15 0.768977 0.222000 0.019802 0.016000
15 0.597360 0.078000 0.019802 0.012000
15 0.597360 0.064000 0.019802 0.012000
15 0.511551 0.068000 0.019802 0.012000
15 0.509901 0.057000 0.016502 0.010000
15 0.509901 0.044000 0.016502 0.008000
15 0.519802 0.037000 0.009901 0.006000
15 0.537954 0.037000 0.019802 0.014000
15 0.559406 0.037000 0.009901 0.014000
15 0.569307 0.037000 0.016502 0.014000
15 0.580858 0.040000 0.013201 0.012000
15 0.590759 0.050000 0.019802 0.020000
16 0.554455 0.061000 0.145215 0.070000
16 0.754125 0.229000 0.174917 0.090000
16 0.293729 0.328000 0.178218 0.092000
