15 0.426667 0.448000 0.016000 0.008000
15 0.422667 0.443000 0.013333 0.006000
15 0.418667 0.432000 0.010667 0.008000
15 0.414667 0.423000 0.013333 0.010000
15 0.414667 0.416000 0.013333 0.008000
15 0.430667 0.412000 0.013333 0.008000
15 0.442667 0.416000 0.016000 0.012000
15 0.442667 0.423000 0.016000 0.010000
15 0.470667 0.424000 0.013333 0.012000
15 0.470667 0.408000 0.018667 0.012000
15 0.466667 0.394000 0.021333 0.012000
15 0.520000 0.391000 0.016000 0.014000
15 0.526667 0.373000 0.013333 0.014000
15 0.490667 0.370000 0.010667 0.012000
15 0.490667 0.359000 0.016000 0.014000
15 0.498667 0.345000 0.010667 0.014000
15 0.506667 0.343000 0.010667 0.014000
15 0.518667 0.349000 0.008000 0.010000
15 0.526667 0.357000 0.013333 0.018000
15 0.464000 0.346000 0.016000 0.012000
15 0.466667 0.342000 0.016000 0.012000
15 0.458667 0.323000 0.016000 0.010000
15 0.462667 0.312000 0.013333 0.008000
15 0.458667 0.303000 0.016000 0.006000
15 0.458667 0.297000 0.010667 0.010000
15 0.462667 0.281000 0.013333 0.010000
15 0.470667 0.277000 0.018667 0.010000
15 0.482667 0.277000 0.005333 0.010000
15 0.490667 0.278000 0.016000 0.012000
15 0.494667 0.287000 0.008000 0.010000
15 0.498667 0.292000 0.010667 0.008000
15 0.498667 0.299000 0.010667 0.006000
16 0.477333 0.291000 0.085333 0.050000
16 0.416000 0.428000 0.074667 0.056000
16 0.512000 0.359000 0.042667 0.034000
