15 0.098667 0.325000 0.016000 0.014000
15 0.106667 0.318000 0.016000 0.008000
15 0.126667 0.321000 0.018667 0.014000
15 0.166667 0.408000 0.013333 0.012000
15 0.178667 0.408000 0.010667 0.012000
15 0.182667 0.414000 0.013333 0.012000
15 0.322667 0.392000 0.016000 0.012000
15 0.326667 0.400000 0.013333 0.012000
15 0.362667 0.438000 0.010667 0.008000
15 0.370667 0.437000 0.010667 0.010000
15 0.466667 0.503000 0.021333 0.010000
15 0.474667 0.512000 0.016000 0.012000
15 0.454667 0.510000 0.018667 0.012000
15 0.438667 0.425000 0.018667 0.010000
15 0.454667 0.436000 0.013333 0.012000
15 0.442667 0.432000 0.010667 0.012000
15 0.404000 0.363000 0.008000 0.010000
15 0.410667 0.359000 0.010667 0.010000
15 0.420000 0.362000 0.008000 0.008000
15 0.350667 0.325000 0.018667 0.014000
15 0.334667 0.318000 0.013333 0.012000
15 0.326667 0.320000 0.013333 0.012000
15 0.298667 0.282000 0.016000 0.012000
15 0.314667 0.284000 0.016000 0.012000
15 0.326667 0.290000 0.013333 0.012000
15 0.206667 0.182000 0.013333 0.012000
15 0.216000 0.179000 0.016000 0.010000
15 0.222667 0.178000 0.018667 0.020000
15 0.234667 0.133000 0.010667 0.006000
15 0.238667 0.129000 0.018667 0.010000
15 0.250667 0.126000 0.016000 0.012000
15 0.262667 0.131000 0.013333 0.006000
15 0.258667 0.136000 0.021333 0.008000
16 0.110667 0.327000 0.056000 0.038000
16 0.213333 0.190000 0.042667 0.040000
16 0.249333 0.136000 0.056000 0.040000
16 0.174667 0.414000 0.045333 0.024000
16 0.314667 0.286000 0.053333 0.032000
16 0.334667 0.324000 0.045333 0.032000
16 0.318667 0.400000 0.034667 0.032000
16 0.409333 0.362000 0.034667 0.024000
16 0.445333 0.434000 0.042667 0.036000
16 0.370667 0.439000 0.037333 0.022000
16 0.466667 0.509000 0.053333 0.034000
16 0.362667 0.511000 0.026667 0.022000
16 0.470667 0.553000 0.040000 0.022000
16 0.438667 0.539000 0.029333 0.022000
