15 0.888626 0.601000 0.009479 0.010000
15 0.890995 0.594000 0.009479 0.008000
15 0.894550 0.507000 0.011848 0.010000
15 0.902844 0.499000 0.009479 0.010000
15 0.909953 0.503000 0.009479 0.010000
15 0.966825 0.496000 0.014218 0.008000
15 0.973934 0.515000 0.014218 0.010000
15 0.965640 0.486000 0.011848 0.012000
15 0.965640 0.475000 0.011848 0.010000
15 0.976303 0.469000 0.018957 0.014000
15 0.990521 0.469000 0.018957 0.018000
15 0.687204 0.556000 0.009479 0.004000
15 0.697867 0.555000 0.011848 0.006000
15 0.659953 0.610000 0.007109 0.008000
15 0.667062 0.609000 0.007109 0.006000
15 0.640995 0.533000 0.011848 0.006000
15 0.494076 0.376000 0.021327 0.016000
15 0.517773 0.380000 0.016588 0.012000
15 0.534360 0.380000 0.016588 0.016000
15 0.580569 0.387000 0.014218 0.014000
15 0.573460 0.370000 0.018957 0.016000
15 0.566351 0.366000 0.014218 0.016000
15 0.552133 0.364000 0.014218 0.012000
15 0.466825 0.188000 0.014218 0.016000
15 0.479858 0.184000 0.016588 0.012000
15 0.479858 0.170000 0.011848 0.012000
15 0.466825 0.168000 0.014218 0.016000
15 0.530806 0.109000 0.018957 0.010000
15 0.466825 0.133000 0.014218 0.014000
15 0.465640 0.119000 0.016588 0.014000
15 0.459716 0.110000 0.014218 0.016000
15 0.462085 0.099000 0.009479 0.010000
15 0.465640 0.087000 0.011848 0.014000
15 0.530806 0.087000 0.014218 0.014000
15 0.465640 0.067000 0.016588 0.014000
15 0.472749 0.049000 0.021327 0.006000
15 0.488152 0.041000 0.009479 0.014000
15 0.500000 0.039000 0.009479 0.010000
15 0.510664 0.042000 0.011848 0.008000
15 0.522512 0.048000 0.007109 0.012000
15 0.531991 0.062000 0.011848 0.012000
15 0.530806 0.071000 0.018957 0.014000
15 0.509479 0.072000 0.014218 0.016000
15 0.490521 0.069000 0.009479 0.010000
15 0.509479 0.055000 0.014218 0.014000
15 0.492891 0.058000 0.014218 0.012000
15 0.331754 0.378000 0.014218 0.012000
15 0.330569 0.370000 0.011848 0.008000
15 0.331754 0.362000 0.009479 0.008000
15 0.345972 0.371000 0.014218 0.010000
15 0.344787 0.350000 0.011848 0.012000
15 0.355450 0.350000 0.009479 0.012000
15 0.369668 0.352000 0.009479 0.008000
15 0.390995 0.357000 0.009479 0.014000
15 0.388626 0.371000 0.014218 0.010000
15 0.380332 0.361000 0.011848 0.010000
15 0.344787 0.362000 0.011848 0.012000
15 0.364929 0.363000 0.014218 0.010000
15 0.383886 0.339000 0.009479 0.018000
15 0.381517 0.326000 0.014218 0.012000
15 0.376777 0.320000 0.018957 0.012000
15 0.380332 0.312000 0.011848 0.012000
15 0.377962 0.297000 0.016588 0.014000
15 0.388626 0.289000 0.014218 0.014000
15 0.414692 0.289000 0.014218 0.010000
15 0.430095 0.292000 0.016588 0.016000
15 0.449052 0.299000 0.011848 0.022000
15 0.401659 0.296000 0.016588 0.012000
15 0.395735 0.310000 0.014218 0.012000
15 0.431280 0.306000 0.018957 0.016000
15 0.415877 0.301000 0.016588 0.014000
16 0.503555 0.076000 0.120853 0.096000
16 0.511848 0.384000 0.052133 0.044000
16 0.562796 0.378000 0.049763 0.060000
16 0.640995 0.733000 0.097156 0.066000
16 0.409953 0.310000 0.099526 0.084000
16 0.357820 0.375000 0.099526 0.078000
16 0.968009 0.476000 0.063981 0.060000
16 0.905213 0.509000 0.056872 0.050000
16 0.886256 0.600000 0.018957 0.036000
16 0.816351 0.557000 0.035545 0.022000
16 0.694313 0.560000 0.033175 0.028000
16 0.664692 0.611000 0.030806 0.030000
16 0.639810 0.534000 0.037915 0.032000
16 0.369668 0.591000 0.033175 0.026000
16 0.406398 0.628000 0.030806 0.024000
