15 0.179000 0.478979 0.006000 0.015015
15 0.214000 0.495495 0.008000 0.012012
15 0.213000 0.481982 0.010000 0.021021
15 0.190000 0.463964 0.008000 0.015015
15 0.195000 0.463964 0.006000 0.009009
15 0.200000 0.466967 0.008000 0.015015
15 0.186000 0.475976 0.008000 0.015015
15 0.431000 0.361862 0.022000 0.021021
15 0.502000 0.313814 0.012000 0.021021
15 0.436000 0.322823 0.020000 0.021021
15 0.530000 0.303303 0.008000 0.012012
15 0.531000 0.298799 0.006000 0.009009
15 0.529000 0.289790 0.014000 0.009009
15 0.489000 0.285285 0.010000 0.018018
15 0.489000 0.271772 0.010000 0.015015
15 0.509000 0.289790 0.010000 0.009009
15 0.517000 0.280781 0.010000 0.015015
15 0.501000 0.273273 0.010000 0.018018
15 0.501000 0.285285 0.010000 0.012012
15 0.454000 0.298799 0.008000 0.021021
15 0.443000 0.298799 0.010000 0.015015
15 0.447000 0.292793 0.010000 0.009009
15 0.431000 0.301802 0.014000 0.015015
15 0.527000 0.270270 0.006000 0.024024
15 0.441000 0.277778 0.010000 0.015015
15 0.439000 0.258258 0.010000 0.018018
15 0.463000 0.253754 0.010000 0.021021
15 0.452000 0.256757 0.012000 0.021021
15 0.487000 0.246246 0.010000 0.024024
15 0.496000 0.246246 0.008000 0.024024
15 0.505000 0.246246 0.010000 0.024024
15 0.515000 0.249249 0.006000 0.024024
15 0.522000 0.250751 0.008000 0.015015
15 0.507000 0.214715 0.010000 0.015015
15 0.507000 0.229730 0.010000 0.021021
15 0.515000 0.228228 0.010000 0.024024
15 0.498000 0.213213 0.012000 0.024024
15 0.487000 0.220721 0.010000 0.015015
15 0.486000 0.228228 0.008000 0.018018
15 0.468000 0.235736 0.008000 0.021021
15 0.467000 0.214715 0.010000 0.015015
15 0.458000 0.226727 0.008000 0.015015
15 0.452000 0.234234 0.012000 0.018018
15 0.476000 0.213213 0.008000 0.018018
16 0.477000 0.273273 0.130000 0.180180
16 0.466000 0.804805 0.064000 0.084084
16 0.277000 0.370871 0.046000 0.063063
16 0.330000 0.385886 0.052000 0.087087
16 0.530000 0.668168 0.048000 0.075075
16 0.584000 0.788288 0.040000 0.075075
16 0.379000 0.756757 0.026000 0.072072
16 0.193000 0.478979 0.070000 0.075075
