15 0.334667 0.740000 0.061333 0.048000
15 0.354667 0.713000 0.048000 0.022000
15 0.354667 0.450000 0.042667 0.032000
15 0.342667 0.428000 0.040000 0.032000
15 0.318667 0.396000 0.104000 0.056000
15 0.338667 0.375000 0.074667 0.042000
15 0.346667 0.338000 0.037333 0.024000
15 0.370667 0.328000 0.053333 0.032000
15 0.644000 0.435000 0.056000 0.034000
15 0.650667 0.407000 0.048000 0.030000
15 0.628000 0.394000 0.056000 0.036000
15 0.386667 0.301000 0.037333 0.050000
15 0.410667 0.298000 0.026667 0.040000
15 0.438667 0.297000 0.045333 0.046000
15 0.462667 0.297000 0.045333 0.046000
15 0.490667 0.294000 0.026667 0.044000
15 0.526667 0.300000 0.040000 0.048000
15 0.578667 0.300000 0.042667 0.056000
15 0.542667 0.310000 0.034667 0.020000
15 0.594667 0.337000 0.026667 0.054000
15 0.598667 0.359000 0.029333 0.054000
15 0.652000 0.356000 0.040000 0.020000
15 0.658667 0.371000 0.042667 0.026000
16 0.478667 0.412000 0.450667 0.324000
