15 0.194667 0.434000 0.010667 0.012000
15 0.202667 0.429000 0.016000 0.014000
15 0.218667 0.431000 0.005333 0.010000
15 0.226667 0.442000 0.010667 0.012000
15 0.262667 0.394000 0.008000 0.008000
15 0.266667 0.389000 0.010667 0.010000
15 0.276000 0.383000 0.008000 0.010000
15 0.286667 0.381000 0.008000 0.014000
15 0.294667 0.384000 0.008000 0.012000
15 0.294667 0.392000 0.013333 0.012000
15 0.450667 0.425000 0.010667 0.014000
15 0.466667 0.427000 0.005333 0.010000
15 0.470667 0.427000 0.013333 0.014000
15 0.502667 0.350000 0.013333 0.012000
15 0.510667 0.344000 0.008000 0.012000
15 0.518667 0.343000 0.008000 0.014000
15 0.526667 0.346000 0.008000 0.012000
15 0.530667 0.349000 0.010667 0.010000
15 0.534667 0.355000 0.008000 0.010000
15 0.398667 0.371000 0.018667 0.006000
15 0.394667 0.376000 0.010667 0.004000
15 0.394667 0.380000 0.010667 0.012000
15 0.406667 0.343000 0.013333 0.010000
15 0.418667 0.339000 0.010667 0.006000
15 0.426667 0.338000 0.010667 0.012000
15 0.436000 0.342000 0.008000 0.008000
15 0.434667 0.345000 0.010667 0.010000
15 0.334667 0.155000 0.013333 0.010000
15 0.342667 0.149000 0.008000 0.006000
15 0.350667 0.147000 0.013333 0.010000
15 0.364000 0.144000 0.008000 0.012000
15 0.370667 0.150000 0.010667 0.008000
15 0.370667 0.158000 0.010667 0.008000
16 0.354667 0.162000 0.090667 0.072000
16 0.513333 0.355000 0.088000 0.062000
16 0.462667 0.430000 0.066667 0.052000
16 0.421333 0.354000 0.058667 0.040000
16 0.286667 0.395000 0.072000 0.066000
16 0.204000 0.437000 0.072000 0.050000
16 0.390667 0.377000 0.029333 0.046000
