15 0.742667 0.591000 0.013333 0.010000
15 0.782667 0.574000 0.018667 0.008000
15 0.526667 0.227000 0.013333 0.010000
16 0.765333 0.562000 0.074667 0.048000
16 0.690667 0.456000 0.048000 0.040000
16 0.624000 0.330000 0.042667 0.040000
16 0.609333 0.317000 0.024000 0.026000
16 0.588000 0.343000 0.029333 0.038000
16 0.552000 0.341000 0.042667 0.038000
16 0.474667 0.340000 0.037333 0.048000
16 0.462667 0.305000 0.040000 0.022000
16 0.429333 0.354000 0.058667 0.040000
16 0.386667 0.356000 0.064000 0.052000
