15 0.394667 0.665000 0.010667 0.010000
15 0.402667 0.665000 0.010667 0.006000
15 0.434667 0.636000 0.010667 0.008000
16 0.840000 0.465000 0.154667 0.082000
16 0.728000 0.573000 0.058667 0.066000
16 0.921333 0.533000 0.066667 0.058000
16 0.966667 0.516000 0.061333 0.044000
16 0.982667 0.707000 0.034667 0.042000
16 0.541333 0.071000 0.053333 0.050000
16 0.584000 0.284000 0.058667 0.044000
16 0.666667 0.312000 0.058667 0.052000
16 0.505333 0.384000 0.034667 0.036000
16 0.378667 0.325000 0.042667 0.030000
16 0.438667 0.156000 0.050667 0.040000
16 0.402667 0.222000 0.053333 0.044000
16 0.290667 0.197000 0.058667 0.058000
16 0.368000 0.400000 0.048000 0.048000
16 0.428000 0.349000 0.050667 0.038000
16 0.433333 0.644000 0.040000 0.048000
16 0.388000 0.672000 0.050667 0.048000
16 0.433333 0.792000 0.024000 0.028000
16 0.428000 0.839000 0.013333 0.018000
16 0.073333 0.777000 0.040000 0.026000
