15 0.532000 0.387000 0.008000 0.010000
15 0.534667 0.391000 0.008000 0.010000
15 0.546667 0.386000 0.010667 0.012000
15 0.554667 0.386000 0.010667 0.012000
15 0.412000 0.375000 0.008000 0.006000
15 0.414667 0.370000 0.013333 0.008000
15 0.422667 0.366000 0.013333 0.008000
15 0.430667 0.362000 0.013333 0.012000
15 0.442667 0.365000 0.005333 0.010000
15 0.446667 0.368000 0.008000 0.008000
15 0.478667 0.243000 0.013333 0.010000
15 0.490667 0.242000 0.010667 0.012000
15 0.502667 0.246000 0.013333 0.012000
16 0.493333 0.258000 0.085333 0.064000
16 0.425333 0.376000 0.072000 0.056000
16 0.518667 0.400000 0.034667 0.024000
16 0.554667 0.397000 0.053333 0.046000
16 0.801333 0.448000 0.029333 0.032000
16 0.769333 0.517000 0.029333 0.022000
16 0.825333 0.515000 0.018667 0.018000
16 0.832000 0.523000 0.016000 0.022000
