15 0.778667 0.249000 0.010667 0.006000
15 0.786667 0.248000 0.005333 0.008000
15 0.846667 0.248000 0.008000 0.012000
15 0.850667 0.247000 0.010667 0.010000
15 0.860000 0.247000 0.008000 0.010000
15 0.870667 0.248000 0.008000 0.008000
15 0.878667 0.256000 0.008000 0.012000
15 0.038667 0.424000 0.013333 0.012000
15 0.042667 0.422000 0.010667 0.012000
15 0.058667 0.424000 0.010667 0.012000
15 0.154667 0.383000 0.010667 0.010000
15 0.166667 0.383000 0.002667 0.014000
15 0.174667 0.380000 0.008000 0.008000
15 0.118667 0.231000 0.013333 0.010000
15 0.130667 0.231000 0.010667 0.010000
16 0.826667 0.214000 0.042667 0.024000
16 0.778667 0.252000 0.042667 0.036000
16 0.861333 0.252000 0.053333 0.040000
16 0.857333 0.291000 0.040000 0.038000
16 0.765333 0.373000 0.048000 0.034000
16 0.846667 0.412000 0.045333 0.040000
16 0.885333 0.482000 0.032000 0.040000
16 0.122667 0.244000 0.053333 0.048000
16 0.169333 0.388000 0.040000 0.036000
16 0.045333 0.433000 0.058667 0.038000
