15 0.550667 0.139000 0.008000 0.010000
15 0.562667 0.136000 0.010667 0.012000
15 0.566667 0.140000 0.013333 0.008000
15 0.582667 0.223000 0.013333 0.010000
15 0.438667 0.194000 0.008000 0.008000
15 0.426667 0.191000 0.010667 0.006000
15 0.446667 0.205000 0.013333 0.010000
15 0.466667 0.262000 0.016000 0.012000
15 0.462667 0.111000 0.013333 0.006000
15 0.474667 0.107000 0.010667 0.006000
15 0.502667 0.176000 0.013333 0.008000
16 0.653333 0.335000 0.117333 0.078000
16 0.317333 0.470000 0.053333 0.060000
16 0.384000 0.274000 0.032000 0.048000
16 0.409333 0.259000 0.034667 0.034000
16 0.432000 0.208000 0.048000 0.040000
16 0.464000 0.114000 0.048000 0.040000
16 0.557333 0.149000 0.048000 0.046000
16 0.502667 0.181000 0.061333 0.042000
16 0.513333 0.217000 0.045333 0.030000
16 0.954667 0.356000 0.069333 0.040000
16 0.906667 0.241000 0.064000 0.054000
16 0.461333 0.264000 0.016000 0.020000
16 0.528000 0.285000 0.021333 0.018000
16 0.394667 0.685000 0.037333 0.034000
16 0.260000 0.615000 0.029333 0.030000
