15 0.494667 0.564000 0.024000 0.024000
15 0.442667 0.594000 0.026667 0.016000
15 0.190667 0.545000 0.018667 0.018000
15 0.166667 0.533000 0.013333 0.014000
15 0.146667 0.537000 0.021333 0.018000
15 0.122667 0.544000 0.021333 0.012000
15 0.442667 0.562000 0.021333 0.020000
15 0.454667 0.556000 0.029333 0.016000
15 0.474667 0.533000 0.016000 0.014000
15 0.502667 0.529000 0.013333 0.022000
15 0.510667 0.533000 0.008000 0.014000
15 0.478667 0.548000 0.013333 0.012000
15 0.492000 0.543000 0.008000 0.010000
15 0.530667 0.537000 0.010667 0.014000
15 0.538667 0.544000 0.010667 0.016000
15 0.534667 0.558000 0.018667 0.024000
15 0.522667 0.549000 0.016000 0.014000
15 0.514667 0.121000 0.021333 0.018000
15 0.518667 0.109000 0.024000 0.018000
15 0.526667 0.096000 0.018667 0.016000
15 0.542667 0.090000 0.018667 0.016000
15 0.554667 0.091000 0.016000 0.018000
15 0.566667 0.095000 0.013333 0.018000
15 0.582667 0.104000 0.013333 0.016000
15 0.586667 0.119000 0.010667 0.018000
16 0.538667 0.114000 0.138667 0.084000
16 0.490667 0.566000 0.138667 0.088000
16 0.156000 0.553000 0.162667 0.074000
