15 0.562667 0.356000 0.021333 0.016000
15 0.538667 0.172000 0.010667 0.016000
15 0.546667 0.168000 0.010667 0.012000
15 0.558667 0.171000 0.013333 0.018000
15 0.506667 0.115000 0.016000 0.010000
15 0.506667 0.108000 0.010667 0.008000
15 0.514667 0.109000 0.010667 0.010000
15 0.526667 0.112000 0.013333 0.012000
16 0.513333 0.115000 0.061333 0.054000
16 0.550667 0.181000 0.045333 0.038000
16 0.601333 0.261000 0.045333 0.038000
16 0.558667 0.356000 0.034667 0.036000
16 0.632000 0.451000 0.037333 0.034000
16 0.406667 0.315000 0.061333 0.034000
16 0.461333 0.441000 0.026667 0.050000
