15 0.610667 0.541000 0.010667 0.010000
15 0.622667 0.542000 0.008000 0.008000
15 0.502667 0.460000 0.013333 0.008000
15 0.582667 0.232000 0.013333 0.012000
15 0.598667 0.234000 0.008000 0.012000
15 0.518667 0.138000 0.008000 0.012000
15 0.534667 0.140000 0.008000 0.008000
15 0.558667 0.118000 0.008000 0.012000
15 0.570667 0.121000 0.010667 0.014000
15 0.550667 0.132000 0.013333 0.008000
16 0.980000 0.317000 0.040000 0.042000
16 0.617333 0.544000 0.040000 0.036000
16 0.508000 0.471000 0.040000 0.038000
16 0.594667 0.239000 0.042667 0.042000
16 0.513333 0.144000 0.018667 0.020000
16 0.530667 0.148000 0.021333 0.020000
16 0.548000 0.137000 0.024000 0.014000
16 0.569333 0.123000 0.034667 0.026000
