15 0.097000 0.548048 0.006000 0.015015
15 0.102000 0.545045 0.008000 0.015015
15 0.110000 0.548048 0.008000 0.009009
15 0.410000 0.584084 0.004000 0.015015
15 0.415000 0.581081 0.006000 0.009009
15 0.421000 0.584084 0.006000 0.015015
15 0.430000 0.572072 0.004000 0.015015
15 0.436000 0.570571 0.004000 0.012012
15 0.440000 0.573574 0.004000 0.012012
15 0.446000 0.578078 0.008000 0.015015
15 0.541000 0.478979 0.006000 0.015015
15 0.702000 0.579580 0.008000 0.012012
15 0.689000 0.602102 0.006000 0.015015
15 0.696000 0.605105 0.004000 0.015015
16 0.101000 0.552553 0.030000 0.090090
16 0.348000 0.758258 0.076000 0.123123
16 0.523000 0.795796 0.050000 0.078078
16 0.755000 0.767267 0.050000 0.111111
16 0.811000 0.702703 0.030000 0.066066
16 0.697000 0.603604 0.042000 0.066066
16 0.482000 0.318318 0.076000 0.114114
16 0.553000 0.322823 0.058000 0.135135
16 0.311000 0.662162 0.030000 0.051051
16 0.412000 0.600601 0.036000 0.084084
16 0.438000 0.585586 0.040000 0.084084
16 0.542000 0.490991 0.024000 0.075075
16 0.933000 0.629129 0.026000 0.063063
16 0.217000 0.693694 0.030000 0.054054
16 0.130000 0.702703 0.028000 0.036036
