15 0.577000 0.638000 0.022000 0.020000
15 0.599000 0.647000 0.010000 0.010000
15 0.608000 0.649000 0.008000 0.014000
15 0.594000 0.634000 0.012000 0.012000
15 0.609000 0.630000 0.014000 0.012000
15 0.624000 0.631000 0.012000 0.010000
15 0.624000 0.638000 0.012000 0.008000
15 0.623000 0.648000 0.014000 0.012000
15 0.638000 0.648000 0.012000 0.012000
15 0.636000 0.637000 0.012000 0.010000
15 0.637000 0.631000 0.010000 0.010000
15 0.647000 0.635000 0.006000 0.010000
15 0.649000 0.645000 0.010000 0.010000
15 0.651000 0.655000 0.010000 0.014000
15 0.587000 0.662000 0.010000 0.012000
15 0.299000 0.463000 0.018000 0.022000
15 0.288000 0.450000 0.020000 0.012000
15 0.315000 0.467000 0.010000 0.022000
15 0.332000 0.477000 0.020000 0.014000
15 0.221000 0.370000 0.018000 0.036000
15 0.244000 0.368000 0.020000 0.016000
15 0.246000 0.381000 0.012000 0.018000
15 0.231000 0.375000 0.010000 0.022000
15 0.406000 0.136000 0.016000 0.024000
15 0.426000 0.134000 0.012000 0.016000
15 0.444000 0.148000 0.012000 0.008000
15 0.444000 0.158000 0.012000 0.012000
16 0.410000 0.160000 0.108000 0.080000
16 0.431000 0.297000 0.122000 0.122000
16 0.621000 0.670000 0.126000 0.116000
16 0.303000 0.501000 0.098000 0.106000
16 0.214000 0.409000 0.104000 0.090000
16 0.360000 0.956000 0.128000 0.084000
16 0.238000 0.883000 0.024000 0.062000
16 0.213000 0.952000 0.030000 0.040000
