15 0.298667 0.307000 0.010667 0.006000
15 0.314667 0.316000 0.010667 0.012000
15 0.342667 0.312000 0.013333 0.012000
15 0.326667 0.300000 0.013333 0.012000
15 0.400000 0.305000 0.016000 0.014000
15 0.382667 0.303000 0.008000 0.006000
15 0.378667 0.293000 0.010667 0.010000
15 0.334667 0.277000 0.013333 0.014000
15 0.346667 0.282000 0.010667 0.012000
15 0.358667 0.283000 0.013333 0.014000
15 0.370667 0.285000 0.010667 0.014000
16 0.345333 0.319000 0.157333 0.106000
16 0.737333 0.452000 0.082667 0.044000
