15 0.665480 0.521000 0.014235 0.014000
15 0.676157 0.521000 0.014235 0.010000
15 0.364769 0.390000 0.017794 0.008000
15 0.553381 0.272000 0.003559 0.008000
15 0.428826 0.234000 0.010676 0.008000
15 0.403915 0.267000 0.017794 0.006000
15 0.462633 0.158000 0.021352 0.008000
15 0.473310 0.156000 0.007117 0.008000
15 0.482206 0.160000 0.010676 0.008000
15 0.443060 0.212000 0.010676 0.004000
16 0.471530 0.168000 0.074733 0.056000
16 0.567616 0.287000 0.067616 0.046000
16 0.514235 0.335000 0.039146 0.030000
16 0.670819 0.529000 0.060498 0.054000
16 0.366548 0.400000 0.085409 0.048000
16 0.501779 0.428000 0.064057 0.048000
16 0.434164 0.244000 0.071174 0.048000
16 0.403915 0.276000 0.039146 0.036000
16 0.443060 0.219000 0.024911 0.022000
