15 0.462000 0.354000 0.096000 0.116000
15 0.512000 0.493000 0.032000 0.026000
15 0.437000 0.445000 0.038000 0.038000
15 0.580000 0.420000 0.068000 0.060000
15 0.529000 0.355000 0.042000 0.054000
15 0.643000 0.383000 0.042000 0.050000
15 0.621000 0.505000 0.034000 0.042000
15 0.636000 0.480000 0.032000 0.032000
15 0.647000 0.437000 0.038000 0.038000
15 0.573000 0.476000 0.038000 0.032000
15 0.565000 0.568000 0.054000 0.048000
15 0.519000 0.564000 0.050000 0.052000
15 0.470000 0.554000 0.064000 0.052000
15 0.411000 0.543000 0.038000 0.038000
15 0.456000 0.496000 0.032000 0.036000
15 0.447000 0.471000 0.034000 0.034000
15 0.382000 0.468000 0.044000 0.028000
15 0.326000 0.452000 0.040000 0.028000
15 0.390000 0.393000 0.028000 0.030000
15 0.676000 0.548000 0.048000 0.048000
15 0.750000 0.453000 0.028000 0.026000
15 0.552000 0.634000 0.032000 0.036000
15 0.670000 0.635000 0.032000 0.034000
15 0.440000 0.616000 0.032000 0.032000
16 0.516000 0.567000 0.604000 0.486000
