15 0.734667 0.342000 0.024000 0.020000
15 0.710667 0.346000 0.018667 0.024000
15 0.694667 0.340000 0.013333 0.024000
15 0.694667 0.325000 0.018667 0.010000
15 0.674667 0.346000 0.026667 0.040000
15 0.682667 0.325000 0.010667 0.010000
15 0.786667 0.192000 0.010667 0.020000
15 0.766667 0.198000 0.013333 0.016000
15 0.774667 0.181000 0.013333 0.014000
15 0.750667 0.174000 0.013333 0.016000
15 0.762667 0.181000 0.010667 0.010000
15 0.752000 0.189000 0.016000 0.014000
15 0.734667 0.188000 0.018667 0.028000
16 0.761333 0.208000 0.114667 0.108000
16 0.728000 0.385000 0.144000 0.126000
16 0.896000 0.054000 0.160000 0.092000
