15 0.380000 0.642686 0.048000 0.091127
15 0.375000 0.540767 0.094000 0.146283
15 0.479000 0.558753 0.058000 0.139089
15 0.589000 0.561151 0.050000 0.052758
15 0.708000 0.593525 0.052000 0.069544
15 0.676000 0.706235 0.072000 0.112710
15 0.794000 0.788969 0.100000 0.095923
15 0.589000 0.634293 0.046000 0.083933
15 0.640000 0.640288 0.040000 0.067146
15 0.784000 0.682254 0.056000 0.103118
15 0.810000 0.724221 0.052000 0.047962
15 0.532000 0.646283 0.044000 0.059952
15 0.564000 0.717026 0.036000 0.091127
15 0.492000 0.675060 0.040000 0.059952
16 0.564000 0.690647 0.520000 0.513189
