15 0.798932 0.506000 0.024911 0.016000
15 0.814947 0.500000 0.014235 0.012000
15 0.820285 0.497000 0.017794 0.014000
15 0.839858 0.501000 0.021352 0.018000
15 0.854093 0.505000 0.014235 0.014000
15 0.884342 0.515000 0.017794 0.010000
15 0.628114 0.526000 0.024911 0.016000
15 0.635231 0.512000 0.024911 0.008000
15 0.635231 0.506000 0.024911 0.008000
15 0.711744 0.356000 0.021352 0.016000
15 0.701068 0.356000 0.021352 0.012000
15 0.686833 0.356000 0.021352 0.012000
15 0.672598 0.386000 0.014235 0.012000
15 0.656584 0.386000 0.017794 0.012000
15 0.656584 0.395000 0.017794 0.010000
15 0.612100 0.444000 0.028470 0.012000
15 0.622776 0.402000 0.014235 0.012000
15 0.637011 0.393000 0.014235 0.010000
15 0.622776 0.387000 0.014235 0.010000
15 0.606762 0.384000 0.017794 0.012000
15 0.592527 0.386000 0.017794 0.012000
15 0.581851 0.387000 0.010676 0.010000
15 0.572954 0.392000 0.014235 0.008000
15 0.556940 0.406000 0.017794 0.016000
15 0.556940 0.413000 0.017794 0.014000
15 0.542705 0.419000 0.017794 0.006000
15 0.542705 0.433000 0.017794 0.010000
15 0.339858 0.470000 0.017794 0.012000
15 0.329181 0.461000 0.024911 0.010000
15 0.334520 0.456000 0.014235 0.008000
15 0.348754 0.455000 0.021352 0.010000
15 0.389680 0.448000 0.010676 0.012000
15 0.398577 0.445000 0.007117 0.018000
15 0.403915 0.446000 0.010676 0.016000
15 0.418149 0.447000 0.010676 0.014000
15 0.428826 0.448000 0.010676 0.012000
15 0.439502 0.453000 0.017794 0.018000
15 0.215302 0.352000 0.017794 0.012000
15 0.201068 0.355000 0.024911 0.010000
15 0.275801 0.359000 0.017794 0.010000
15 0.281139 0.368000 0.021352 0.008000
15 0.275801 0.373000 0.017794 0.010000
15 0.492883 0.191000 0.017794 0.006000
15 0.492883 0.186000 0.017794 0.008000
15 0.498221 0.179000 0.014235 0.010000
15 0.503559 0.177000 0.003559 0.010000
15 0.512456 0.179000 0.014235 0.006000
15 0.542705 0.197000 0.017794 0.010000
16 0.236655 0.373000 0.096085 0.078000
16 0.510676 0.199000 0.103203 0.070000
16 0.359431 0.473000 0.113879 0.058000
16 0.403915 0.452000 0.096085 0.044000
16 0.850534 0.511000 0.120996 0.062000
16 0.713523 0.367000 0.103203 0.066000
16 0.610320 0.390000 0.117438 0.040000
16 0.555160 0.455000 0.085409 0.046000
