15 0.470667 0.639000 0.104000 0.086000
15 0.450667 0.549000 0.096000 0.078000
15 0.430667 0.474000 0.088000 0.076000
15 0.730667 0.566000 0.090667 0.064000
15 0.870667 0.533000 0.088000 0.094000
15 0.722667 0.476000 0.122667 0.080000
15 0.654667 0.523000 0.056000 0.058000
15 0.534667 0.496000 0.066667 0.056000
15 0.526667 0.429000 0.114667 0.054000
15 0.642667 0.426000 0.101333 0.048000
15 0.258667 0.549000 0.069333 0.058000
15 0.286667 0.521000 0.136000 0.082000
15 0.286667 0.464000 0.130667 0.072000
15 0.314667 0.415000 0.128000 0.082000
15 0.378667 0.384000 0.042667 0.044000
15 0.422667 0.374000 0.082667 0.096000
15 0.482667 0.378000 0.042667 0.044000
15 0.514667 0.365000 0.069333 0.090000
15 0.574667 0.357000 0.050667 0.086000
15 0.616000 0.360000 0.032000 0.084000
15 0.662667 0.375000 0.066667 0.058000
15 0.726667 0.384000 0.056000 0.028000
15 0.742667 0.412000 0.050667 0.044000
15 0.802667 0.414000 0.080000 0.056000
15 0.866667 0.466000 0.058667 0.036000
16 0.549333 0.535000 0.688000 0.482000
