15 0.422438 0.583000 0.013850 0.010000
15 0.432133 0.577000 0.005540 0.010000
15 0.440443 0.579000 0.011080 0.014000
15 0.455679 0.584000 0.008310 0.012000
15 0.493075 0.561000 0.005540 0.006000
15 0.501385 0.558000 0.005540 0.012000
15 0.508310 0.562000 0.008310 0.012000
15 0.513850 0.566000 0.008310 0.008000
15 0.450139 0.462000 0.013850 0.012000
15 0.459834 0.457000 0.011080 0.010000
15 0.472299 0.460000 0.013850 0.012000
15 0.644044 0.234000 0.008310 0.012000
15 0.653740 0.229000 0.011080 0.006000
15 0.662050 0.229000 0.005540 0.010000
15 0.670360 0.236000 0.011080 0.012000
15 0.655125 0.210000 0.008310 0.012000
15 0.660665 0.203000 0.008310 0.010000
15 0.668975 0.203000 0.008310 0.006000
15 0.677285 0.208000 0.008310 0.008000
15 0.588643 0.190000 0.008310 0.008000
15 0.596953 0.188000 0.008310 0.008000
15 0.606648 0.190000 0.011080 0.012000
15 0.537396 0.091000 0.011080 0.010000
15 0.547091 0.088000 0.013850 0.012000
15 0.595568 0.127000 0.011080 0.010000
15 0.434903 0.097000 0.005540 0.010000
15 0.440443 0.096000 0.011080 0.012000
15 0.452909 0.097000 0.013850 0.010000
15 0.385042 0.142000 0.011080 0.008000
15 0.393352 0.141000 0.011080 0.010000
15 0.400277 0.142000 0.002770 0.012000
15 0.322715 0.134000 0.008310 0.008000
15 0.331025 0.134000 0.008310 0.008000
15 0.337950 0.136000 0.011080 0.012000
16 0.329640 0.153000 0.060942 0.054000
16 0.389197 0.156000 0.058172 0.048000
16 0.444598 0.118000 0.058172 0.056000
16 0.509695 0.101000 0.038781 0.038000
16 0.545706 0.104000 0.060942 0.044000
16 0.591413 0.130000 0.047091 0.032000
16 0.602493 0.203000 0.069252 0.054000
16 0.663435 0.254000 0.052632 0.056000
16 0.667590 0.211000 0.066482 0.042000
16 0.614958 0.406000 0.044321 0.044000
16 0.491690 0.431000 0.036011 0.030000
16 0.463989 0.462000 0.041551 0.040000
16 0.500000 0.569000 0.063712 0.050000
16 0.432133 0.589000 0.066482 0.042000
