15 0.890000 0.936000 0.176000 0.128000
15 0.696000 0.966667 0.096000 0.061333
15 0.645000 0.830667 0.178000 0.205333
15 0.472000 0.798667 0.140000 0.216000
15 0.312000 0.734667 0.144000 0.210667
15 0.138000 0.682667 0.124000 0.213333
15 0.125000 0.894667 0.094000 0.104000
15 0.029000 0.602667 0.046000 0.181333
15 0.116000 0.410667 0.164000 0.213333
15 0.282000 0.442667 0.140000 0.224000
15 0.525000 0.442667 0.274000 0.330667
15 0.665000 0.638667 0.090000 0.157333
15 0.882000 0.566667 0.192000 0.360000
15 0.802000 0.794667 0.112000 0.133333
15 0.678000 0.306667 0.240000 0.282667
15 0.294000 0.254667 0.176000 0.168000
15 0.117000 0.230667 0.126000 0.114667
15 0.049000 0.062667 0.094000 0.109333
15 0.518000 0.094667 0.132000 0.184000
15 0.678000 0.106667 0.104000 0.165333
15 0.867000 0.254667 0.230000 0.312000
15 0.310000 0.082667 0.256000 0.154667
16 0.466000 0.498667 0.924000 0.992000
