15 0.434667 0.553000 0.042667 0.026000
15 0.482667 0.561000 0.032000 0.034000
15 0.582667 0.597000 0.034667 0.038000
15 0.606667 0.648000 0.034667 0.024000
15 0.522667 0.526000 0.026667 0.028000
15 0.514667 0.495000 0.026667 0.022000
15 0.546667 0.499000 0.037333 0.038000
15 0.600000 0.502000 0.032000 0.020000
15 0.630667 0.529000 0.029333 0.026000
15 0.590667 0.535000 0.029333 0.026000
15 0.358667 0.477000 0.040000 0.038000
15 0.322667 0.414000 0.074667 0.036000
15 0.334667 0.385000 0.040000 0.034000
15 0.550667 0.433000 0.034667 0.030000
15 0.582667 0.411000 0.018667 0.034000
15 0.614667 0.410000 0.029333 0.036000
15 0.642667 0.408000 0.026667 0.028000
15 0.618667 0.386000 0.026667 0.020000
15 0.614667 0.373000 0.029333 0.018000
15 0.610667 0.346000 0.048000 0.040000
15 0.566667 0.381000 0.061333 0.038000
15 0.506667 0.377000 0.037333 0.030000
15 0.470667 0.399000 0.018667 0.022000
15 0.458667 0.369000 0.026667 0.022000
15 0.400000 0.368000 0.064000 0.028000
15 0.358667 0.366000 0.018667 0.012000
15 0.374667 0.350000 0.029333 0.020000
15 0.490667 0.344000 0.026667 0.016000
15 0.500000 0.356000 0.024000 0.016000
15 0.530667 0.355000 0.037333 0.022000
15 0.574667 0.350000 0.034667 0.020000
15 0.562667 0.338000 0.032000 0.016000
15 0.526667 0.334000 0.040000 0.020000
15 0.454667 0.341000 0.045333 0.018000
16 0.480000 0.451000 0.405333 0.290000
