15 0.433000 0.638667 0.102000 0.120000
15 0.496000 0.714667 0.084000 0.064000
15 0.358000 0.618667 0.060000 0.053333
15 0.372000 0.574667 0.044000 0.050667
15 0.462000 0.554667 0.048000 0.058667
15 0.510000 0.578667 0.048000 0.053333
15 0.504000 0.622667 0.044000 0.061333
15 0.544000 0.606667 0.036000 0.061333
15 0.575000 0.618667 0.042000 0.058667
15 0.562000 0.562667 0.040000 0.058667
15 0.591000 0.546667 0.030000 0.058667
15 0.619000 0.578667 0.030000 0.053333
15 0.619000 0.522667 0.034000 0.042667
15 0.642000 0.546667 0.024000 0.037333
15 0.307000 0.550667 0.042000 0.061333
15 0.325000 0.514667 0.042000 0.048000
15 0.354000 0.486667 0.052000 0.066667
15 0.407000 0.494667 0.050000 0.056000
15 0.445000 0.458667 0.042000 0.053333
15 0.493000 0.502667 0.042000 0.056000
15 0.372000 0.446667 0.036000 0.029333
15 0.571000 0.490667 0.070000 0.090667
15 0.521000 0.410667 0.086000 0.101333
15 0.457000 0.402667 0.046000 0.058667
15 0.246000 0.490667 0.064000 0.058667
15 0.268000 0.562667 0.044000 0.042667
15 0.289000 0.458667 0.050000 0.048000
15 0.336000 0.410667 0.044000 0.037333
15 0.323000 0.370667 0.026000 0.042667
15 0.283000 0.380000 0.038000 0.056000
15 0.267000 0.410667 0.038000 0.037333
15 0.245000 0.378667 0.034000 0.026667
15 0.280000 0.330667 0.036000 0.042667
15 0.252000 0.318667 0.028000 0.045333
15 0.279000 0.282667 0.026000 0.042667
15 0.318000 0.310667 0.032000 0.045333
15 0.348000 0.306667 0.028000 0.037333
15 0.376000 0.318667 0.036000 0.045333
15 0.403000 0.346667 0.038000 0.053333
15 0.312000 0.278667 0.032000 0.045333
15 0.349000 0.274667 0.026000 0.026667
15 0.297000 0.248000 0.030000 0.032000
15 0.325000 0.232000 0.030000 0.032000
15 0.366000 0.226667 0.044000 0.037333
15 0.372000 0.248000 0.028000 0.032000
15 0.408000 0.222667 0.040000 0.040000
15 0.419000 0.246667 0.026000 0.034667
15 0.454000 0.252000 0.028000 0.040000
15 0.606000 0.378667 0.040000 0.053333
15 0.581000 0.404000 0.030000 0.040000
15 0.636000 0.406667 0.064000 0.061333
15 0.645000 0.456000 0.066000 0.048000
15 0.651000 0.498667 0.066000 0.069333
16 0.395000 0.486667 0.290000 0.552000
16 0.961000 0.576000 0.066000 0.138667
