15 0.426667 0.085000 0.021333 0.010000
15 0.412000 0.104000 0.008000 0.012000
16 0.386667 0.052000 0.042667 0.040000
16 0.426667 0.101000 0.048000 0.042000
16 0.437333 0.243000 0.037333 0.026000
16 0.465333 0.266000 0.045333 0.036000
16 0.500000 0.345000 0.045333 0.034000
16 0.452000 0.378000 0.040000 0.028000
16 0.324000 0.253000 0.045333 0.034000
16 0.309333 0.294000 0.032000 0.040000
16 0.328000 0.368000 0.042667 0.036000
16 0.360000 0.284000 0.042667 0.036000
16 0.733333 0.158000 0.058667 0.048000
16 0.738667 0.383000 0.037333 0.042000
16 0.713333 0.405000 0.024000 0.034000
16 0.721333 0.533000 0.056000 0.038000
16 0.800000 0.310000 0.048000 0.040000
16 0.856000 0.327000 0.037333 0.042000
16 0.777333 0.398000 0.029333 0.024000
16 0.448000 0.115000 0.032000 0.030000
16 0.225333 0.351000 0.050667 0.034000
15 0.226667 0.346000 0.010667 0.008000
15 0.218667 0.349000 0.010667 0.010000
