15 0.207000 0.410667 0.018000 0.016000
15 0.205000 0.438667 0.014000 0.013333
15 0.210000 0.466667 0.012000 0.016000
15 0.214000 0.478667 0.016000 0.013333
15 0.209000 0.518667 0.026000 0.024000
15 0.267000 0.374667 0.022000 0.029333
15 0.299000 0.360000 0.022000 0.032000
15 0.310000 0.362667 0.012000 0.021333
15 0.284000 0.362667 0.020000 0.016000
15 0.267000 0.354667 0.014000 0.016000
15 0.284000 0.338667 0.028000 0.026667
15 0.295000 0.322667 0.018000 0.032000
15 0.270000 0.326667 0.020000 0.024000
15 0.282000 0.302667 0.024000 0.024000
15 0.263000 0.290667 0.014000 0.026667
15 0.253000 0.302667 0.014000 0.024000
15 0.235000 0.294667 0.022000 0.024000
15 0.227000 0.310667 0.014000 0.018667
15 0.214000 0.314667 0.012000 0.010667
15 0.206000 0.322667 0.016000 0.016000
15 0.202000 0.330667 0.012000 0.016000
15 0.204000 0.342667 0.020000 0.018667
15 0.220000 0.336000 0.012000 0.016000
15 0.229000 0.346667 0.018000 0.016000
15 0.249000 0.334667 0.014000 0.018667
15 0.237000 0.370667 0.018000 0.021333
15 0.218000 0.366667 0.016000 0.018667
15 0.501000 0.498667 0.022000 0.032000
15 0.530000 0.490667 0.016000 0.010667
15 0.530000 0.478667 0.016000 0.013333
15 0.516000 0.482667 0.016000 0.016000
15 0.545000 0.458667 0.014000 0.016000
15 0.542000 0.466667 0.012000 0.010667
15 0.569000 0.474667 0.030000 0.026667
15 0.586000 0.458667 0.016000 0.016000
15 0.598000 0.458667 0.020000 0.021333
15 0.564000 0.446667 0.016000 0.013333
15 0.552000 0.442667 0.012000 0.010667
15 0.541000 0.442667 0.014000 0.010667
15 0.525000 0.454667 0.010000 0.013333
15 0.527000 0.470667 0.014000 0.013333
15 0.526000 0.442667 0.012000 0.010667
15 0.509000 0.462667 0.014000 0.008000
15 0.511000 0.450667 0.014000 0.010667
15 0.508000 0.438667 0.016000 0.013333
15 0.521000 0.418667 0.014000 0.021333
15 0.538000 0.422667 0.020000 0.018667
15 0.549000 0.402667 0.014000 0.016000
15 0.562000 0.418667 0.024000 0.021333
15 0.562000 0.430667 0.012000 0.013333
15 0.599000 0.430667 0.010000 0.018667
15 0.587000 0.434667 0.010000 0.016000
15 0.584000 0.418667 0.016000 0.016000
15 0.579000 0.410667 0.014000 0.016000
15 0.564000 0.400000 0.020000 0.016000
15 0.552000 0.388000 0.016000 0.008000
15 0.663000 0.466667 0.010000 0.010667
15 0.662000 0.486667 0.004000 0.013333
15 0.698000 0.466667 0.008000 0.016000
15 0.705000 0.446667 0.010000 0.013333
15 0.699000 0.454667 0.006000 0.013333
15 0.716000 0.458667 0.008000 0.016000
15 0.724000 0.466667 0.008000 0.010667
15 0.742000 0.466667 0.008000 0.010667
15 0.734000 0.450667 0.012000 0.016000
15 0.726000 0.446667 0.012000 0.013333
15 0.749000 0.446667 0.014000 0.018667
15 0.739000 0.426667 0.010000 0.010667
15 0.727000 0.422667 0.014000 0.018667
15 0.715000 0.422667 0.010000 0.018667
15 0.703000 0.418667 0.014000 0.010667
15 0.705000 0.432000 0.014000 0.016000
15 0.696000 0.434667 0.016000 0.016000
15 0.680000 0.430667 0.012000 0.013333
15 0.694000 0.418667 0.012000 0.010667
15 0.703000 0.402667 0.010000 0.016000
15 0.711000 0.406667 0.010000 0.013333
15 0.726000 0.406667 0.012000 0.013333
15 0.672000 0.442667 0.008000 0.010667
15 0.462000 0.058667 0.012000 0.010667
15 0.473000 0.054667 0.006000 0.013333
15 0.483000 0.050667 0.010000 0.010667
15 0.473000 0.046667 0.010000 0.013333
15 0.461000 0.046667 0.010000 0.013333
15 0.448000 0.070667 0.012000 0.013333
15 0.442000 0.066667 0.012000 0.010667
15 0.449000 0.050667 0.010000 0.010667
15 0.442000 0.054667 0.008000 0.013333
15 0.440000 0.042667 0.012000 0.010667
15 0.450000 0.038667 0.008000 0.013333
15 0.461000 0.034667 0.010000 0.010667
16 0.250000 0.338667 0.144000 0.138667
16 0.495000 0.056000 0.130000 0.106667
16 0.549000 0.454667 0.126000 0.162667
16 0.709000 0.456000 0.126000 0.138667
