15 0.526667 0.415000 0.018667 0.010000
15 0.538667 0.406000 0.010667 0.012000
15 0.546667 0.413000 0.010667 0.010000
15 0.606667 0.424000 0.013333 0.012000
15 0.626667 0.437000 0.010667 0.010000
15 0.622667 0.428000 0.013333 0.008000
15 0.626667 0.420000 0.010667 0.008000
15 0.618667 0.410000 0.010667 0.016000
15 0.588000 0.406000 0.008000 0.008000
15 0.594667 0.412000 0.010667 0.008000
15 0.578667 0.405000 0.010667 0.010000
15 0.570667 0.408000 0.010667 0.012000
15 0.566667 0.416000 0.013333 0.012000
15 0.410667 0.290000 0.016000 0.016000
15 0.406667 0.276000 0.013333 0.008000
15 0.398667 0.281000 0.008000 0.010000
15 0.384000 0.278000 0.016000 0.012000
15 0.390667 0.277000 0.013333 0.010000
15 0.366667 0.269000 0.013333 0.010000
15 0.382667 0.267000 0.013333 0.010000
15 0.394667 0.266000 0.010667 0.008000
15 0.358667 0.273000 0.018667 0.010000
15 0.342667 0.274000 0.013333 0.008000
15 0.334667 0.281000 0.018667 0.010000
15 0.454667 0.134000 0.008000 0.012000
15 0.464000 0.130000 0.016000 0.012000
15 0.462667 0.121000 0.013333 0.014000
15 0.482667 0.117000 0.010667 0.010000
15 0.494667 0.114000 0.013333 0.020000
15 0.502667 0.113000 0.013333 0.018000
15 0.510667 0.114000 0.013333 0.012000
15 0.514667 0.123000 0.010667 0.018000
15 0.528000 0.123000 0.016000 0.010000
15 0.526667 0.131000 0.018667 0.014000
16 0.485333 0.127000 0.117333 0.074000
16 0.368000 0.284000 0.117333 0.060000
16 0.520000 0.423000 0.069333 0.050000
16 0.604000 0.427000 0.082667 0.066000
