15 0.503559 0.102000 0.024911 0.012000
15 0.617438 0.096000 0.017794 0.012000
15 0.612100 0.076000 0.021352 0.008000
15 0.498221 0.080000 0.021352 0.012000
15 0.483986 0.080000 0.014235 0.004000
15 0.483986 0.072000 0.021352 0.012000
15 0.492883 0.066000 0.017794 0.008000
15 0.542705 0.066000 0.017794 0.016000
15 0.523132 0.069000 0.021352 0.010000
15 0.581851 0.067000 0.017794 0.014000
15 0.503559 0.057000 0.017794 0.010000
15 0.523132 0.059000 0.021352 0.010000
15 0.514235 0.049000 0.024911 0.006000
15 0.548043 0.044000 0.014235 0.008000
15 0.576512 0.046000 0.021352 0.012000
15 0.562278 0.053000 0.021352 0.006000
15 0.597865 0.064000 0.014235 0.008000
15 0.597865 0.053000 0.014235 0.006000
15 0.581851 0.055000 0.024911 0.010000
15 0.564057 0.063000 0.024911 0.014000
15 0.562278 0.042000 0.021352 0.008000
15 0.533808 0.044000 0.021352 0.008000
16 0.546263 0.082000 0.209964 0.112000
