15 0.286667 0.612000 0.013333 0.012000
15 0.302667 0.604000 0.013333 0.012000
15 0.314667 0.600000 0.010667 0.008000
15 0.326667 0.606000 0.013333 0.012000
15 0.606667 0.357000 0.013333 0.010000
15 0.610667 0.351000 0.010667 0.006000
15 0.634667 0.348000 0.010667 0.008000
15 0.638667 0.344000 0.008000 0.012000
15 0.642667 0.349000 0.010667 0.010000
15 0.650667 0.356000 0.010667 0.012000
15 0.486667 0.148000 0.013333 0.012000
15 0.450667 0.147000 0.010667 0.010000
15 0.462667 0.143000 0.008000 0.010000
15 0.470667 0.142000 0.008000 0.008000
15 0.430667 0.141000 0.008000 0.010000
15 0.426667 0.136000 0.010667 0.008000
15 0.426667 0.131000 0.010667 0.006000
15 0.434667 0.124000 0.010667 0.012000
15 0.442667 0.122000 0.010667 0.016000
15 0.454667 0.127000 0.013333 0.014000
15 0.466667 0.133000 0.016000 0.014000
15 0.502667 0.116000 0.013333 0.008000
15 0.502667 0.104000 0.013333 0.012000
15 0.510667 0.102000 0.013333 0.012000
15 0.514667 0.101000 0.010667 0.014000
15 0.526667 0.102000 0.013333 0.016000
15 0.538667 0.115000 0.010667 0.010000
15 0.542667 0.122000 0.013333 0.008000
15 0.538667 0.140000 0.005333 0.016000
15 0.548000 0.142000 0.008000 0.012000
15 0.550667 0.153000 0.008000 0.014000
16 0.305333 0.617000 0.093333 0.054000
16 0.630667 0.360000 0.088000 0.052000
16 0.565333 0.478000 0.058667 0.036000
16 0.442667 0.138000 0.064000 0.072000
16 0.470667 0.153000 0.040000 0.034000
16 0.513333 0.105000 0.045333 0.050000
16 0.540000 0.166000 0.029333 0.044000
