15 0.490667 0.284000 0.016000 0.012000
15 0.496000 0.277000 0.016000 0.010000
15 0.498667 0.273000 0.010667 0.010000
15 0.506667 0.269000 0.016000 0.010000
15 0.518667 0.270000 0.013333 0.008000
15 0.530667 0.072000 0.010667 0.012000
15 0.536000 0.065000 0.016000 0.006000
15 0.538667 0.055000 0.021333 0.006000
15 0.550667 0.055000 0.013333 0.010000
15 0.562667 0.050000 0.010667 0.008000
15 0.578667 0.054000 0.010667 0.012000
15 0.594667 0.068000 0.010667 0.016000
15 0.590667 0.077000 0.013333 0.010000
16 0.564000 0.072000 0.114667 0.072000
16 0.504000 0.282000 0.074667 0.048000
