15 0.388476 0.231000 0.018587 0.014000
15 0.336431 0.245000 0.026022 0.010000
15 0.338290 0.230000 0.022305 0.012000
15 0.353160 0.226000 0.014870 0.008000
15 0.366171 0.226000 0.011152 0.008000
15 0.230483 0.167000 0.014870 0.010000
15 0.241636 0.175000 0.022305 0.006000
15 0.256506 0.160000 0.014870 0.008000
15 0.265799 0.103000 0.018587 0.014000
15 0.252788 0.093000 0.014870 0.010000
15 0.262082 0.085000 0.018587 0.010000
15 0.284387 0.084000 0.018587 0.008000
15 0.301115 0.084000 0.007435 0.008000
15 0.302974 0.089000 0.011152 0.014000
16 0.286245 0.097000 0.104089 0.050000
16 0.232342 0.166000 0.040892 0.028000
16 0.366171 0.241000 0.078067 0.038000
16 0.559480 0.196000 0.055762 0.040000
16 0.533457 0.253000 0.048327 0.034000
16 0.624535 0.269000 0.044610 0.030000
16 0.620818 0.313000 0.052045 0.022000
16 0.524164 0.303000 0.029740 0.018000
16 0.656134 0.259000 0.040892 0.022000
16 0.685874 0.300000 0.040892 0.032000
