15 0.545213 0.169000 0.021277 0.010000
15 0.545213 0.162000 0.021277 0.008000
15 0.539894 0.153000 0.015957 0.006000
15 0.539894 0.146000 0.015957 0.008000
15 0.531915 0.134000 0.015957 0.008000
15 0.531915 0.126000 0.015957 0.008000
15 0.514628 0.120000 0.013298 0.020000
15 0.503989 0.118000 0.013298 0.024000
15 0.489362 0.114000 0.010638 0.020000
15 0.492021 0.123000 0.015957 0.010000
15 0.474734 0.123000 0.013298 0.010000
15 0.470745 0.130000 0.021277 0.012000
15 0.469415 0.136000 0.018617 0.016000
15 0.771277 0.456000 0.010638 0.008000
15 0.767287 0.450000 0.007979 0.008000
15 0.732713 0.422000 0.007979 0.008000
15 0.735372 0.415000 0.007979 0.006000
15 0.744681 0.411000 0.010638 0.010000
15 0.752660 0.414000 0.005319 0.008000
15 0.761968 0.417000 0.007979 0.010000
15 0.700798 0.391000 0.007979 0.010000
15 0.708777 0.385000 0.007979 0.010000
15 0.719415 0.386000 0.007979 0.008000
15 0.732713 0.387000 0.007979 0.010000
15 0.683511 0.440000 0.010638 0.008000
16 0.497340 0.147000 0.122340 0.098000
16 0.553191 0.414000 0.085106 0.060000
16 0.715426 0.397000 0.058511 0.034000
16 0.743351 0.421000 0.061170 0.038000
16 0.768617 0.454000 0.026596 0.024000
16 0.671543 0.439000 0.045213 0.030000
