15 0.418667 0.372000 0.010667 0.024000
15 0.386667 0.388000 0.005333 0.008000
15 0.434667 0.379000 0.010667 0.018000
15 0.514667 0.268000 0.021333 0.012000
15 0.514667 0.250000 0.016000 0.016000
15 0.530667 0.242000 0.016000 0.016000
15 0.546667 0.221000 0.010667 0.018000
15 0.530667 0.221000 0.010667 0.010000
15 0.526667 0.229000 0.018667 0.010000
15 0.558667 0.226000 0.008000 0.020000
15 0.566667 0.224000 0.008000 0.008000
15 0.570667 0.232000 0.010667 0.008000
15 0.570667 0.241000 0.010667 0.010000
15 0.426667 0.058000 0.021333 0.020000
15 0.430667 0.050000 0.018667 0.020000
15 0.442667 0.050000 0.021333 0.020000
15 0.450667 0.048000 0.016000 0.020000
15 0.462667 0.050000 0.013333 0.012000
15 0.478667 0.058000 0.013333 0.020000
15 0.538667 0.066000 0.021333 0.016000
15 0.510667 0.045000 0.013333 0.014000
15 0.528000 0.048000 0.016000 0.016000
15 0.498667 0.052000 0.016000 0.016000
16 0.438667 0.060000 0.082667 0.052000
16 0.514667 0.067000 0.058667 0.054000
16 0.542667 0.239000 0.104000 0.070000
16 0.409333 0.396000 0.098667 0.060000
