15 0.762000 0.413174 0.060000 0.131737
15 0.817000 0.467066 0.050000 0.161677
15 0.872000 0.579341 0.052000 0.152695
15 0.870000 0.733533 0.056000 0.095808
15 0.887000 0.910180 0.054000 0.119760
15 0.611000 0.750000 0.050000 0.098802
15 0.683000 0.769461 0.034000 0.041916
15 0.656000 0.845808 0.076000 0.164671
15 0.702000 0.901198 0.032000 0.119760
15 0.526000 0.742515 0.052000 0.149701
15 0.543000 0.655689 0.042000 0.083832
15 0.543000 0.552395 0.046000 0.104790
15 0.557000 0.485030 0.046000 0.047904
15 0.562000 0.437126 0.044000 0.059880
15 0.573000 0.384731 0.042000 0.050898
15 0.593000 0.365269 0.034000 0.053892
15 0.539000 0.302395 0.046000 0.143713
15 0.495000 0.302395 0.042000 0.053892
15 0.496000 0.353293 0.052000 0.053892
15 0.492000 0.413174 0.044000 0.065868
15 0.484000 0.471557 0.044000 0.044910
15 0.478000 0.538922 0.040000 0.113772
15 0.474000 0.631737 0.032000 0.065868
15 0.443000 0.612275 0.050000 0.074850
15 0.445000 0.685629 0.042000 0.053892
15 0.450000 0.747006 0.056000 0.068862
15 0.398000 0.811377 0.052000 0.053892
15 0.436000 0.305389 0.052000 0.077844
15 0.390000 0.362275 0.056000 0.053892
15 0.436000 0.365269 0.040000 0.035928
15 0.436000 0.404192 0.036000 0.035928
15 0.397000 0.458084 0.118000 0.143713
15 0.324000 0.485030 0.056000 0.089820
15 0.374000 0.588323 0.048000 0.080838
15 0.273000 0.589820 0.126000 0.101796
15 0.232000 0.706587 0.088000 0.113772
15 0.354000 0.675150 0.116000 0.092814
15 0.340000 0.764970 0.120000 0.080838
15 0.254000 0.808383 0.084000 0.059880
15 0.196000 0.925150 0.064000 0.095808
15 0.326000 0.805389 0.052000 0.029940
15 0.333000 0.841317 0.034000 0.035928
15 0.291000 0.835329 0.038000 0.029940
15 0.264000 0.863772 0.024000 0.026946
15 0.304000 0.857784 0.032000 0.032934
15 0.343000 0.907186 0.062000 0.071856
15 0.284000 0.896707 0.052000 0.062874
15 0.243000 0.916168 0.042000 0.029940
15 0.249000 0.955090 0.046000 0.041916
15 0.318000 0.964072 0.048000 0.071856
15 0.272000 0.983533 0.028000 0.032934
16 0.587000 0.483533 0.562000 0.458084
16 0.496000 0.898204 0.368000 0.179641
