15 0.182000 0.403915 0.008000 0.017794
15 0.176000 0.395018 0.008000 0.021352
15 0.151000 0.384342 0.006000 0.014235
15 0.124000 0.398577 0.008000 0.014235
15 0.125000 0.384342 0.006000 0.014235
15 0.129000 0.384342 0.006000 0.021352
15 0.101000 0.370107 0.014000 0.021352
15 0.115000 0.379004 0.010000 0.024911
15 0.485000 0.300712 0.006000 0.010676
15 0.493000 0.309609 0.006000 0.021352
15 0.520000 0.192171 0.008000 0.021352
15 0.550000 0.256228 0.008000 0.014235
16 0.087000 0.677936 0.038000 0.039146
16 0.100000 0.389680 0.032000 0.039146
16 0.136000 0.391459 0.028000 0.035587
16 0.170000 0.400356 0.032000 0.039146
16 0.490000 0.311388 0.028000 0.039146
16 0.523000 0.197509 0.026000 0.032028
16 0.552000 0.261566 0.028000 0.039146
