15 0.835000 0.063193 0.010000 0.019956
15 0.820000 0.060976 0.012000 0.019956
15 0.808000 0.064302 0.008000 0.022173
15 0.798000 0.065410 0.008000 0.019956
15 0.791000 0.069845 0.006000 0.015521
15 0.953000 0.182927 0.010000 0.028825
15 0.943000 0.185144 0.006000 0.011086
15 0.934000 0.182927 0.008000 0.015521
15 0.923000 0.185144 0.010000 0.015521
15 0.700000 0.382483 0.008000 0.015521
15 0.709000 0.381375 0.006000 0.013304
15 0.717000 0.378049 0.010000 0.015521
15 0.724000 0.378049 0.004000 0.015521
15 0.730000 0.380266 0.008000 0.011086
15 0.631000 0.293792 0.006000 0.019956
15 0.626000 0.289357 0.004000 0.015521
15 0.601000 0.293792 0.010000 0.015521
15 0.605000 0.288248 0.010000 0.022173
15 0.617000 0.287140 0.010000 0.019956
15 0.598000 0.270510 0.008000 0.017738
15 0.591000 0.269401 0.006000 0.015521
15 0.582000 0.268293 0.008000 0.017738
15 0.573000 0.269401 0.010000 0.015521
15 0.563000 0.278271 0.010000 0.015521
15 0.935000 0.585366 0.006000 0.013304
15 0.937000 0.582040 0.006000 0.015521
15 0.940000 0.575388 0.008000 0.015521
15 0.959000 0.583149 0.010000 0.026608
15 0.968000 0.588692 0.008000 0.019956
15 0.948000 0.578714 0.008000 0.013304
15 0.818000 0.582040 0.012000 0.015521
15 0.804000 0.577605 0.012000 0.015521
15 0.793000 0.576497 0.010000 0.017738
15 0.784000 0.579823 0.012000 0.019956
16 0.581000 0.279379 0.054000 0.035477
16 0.616000 0.293792 0.048000 0.033259
16 0.714000 0.383592 0.052000 0.039911
16 0.814000 0.067627 0.084000 0.046563
16 0.935000 0.188470 0.054000 0.048780
16 0.952000 0.587583 0.056000 0.057650
16 0.727000 0.721729 0.066000 0.064302
16 0.805000 0.587583 0.070000 0.057650
