15 0.612100 0.025000 0.035587 0.014000
15 0.546263 0.013000 0.024911 0.010000
15 0.884342 0.484000 0.032028 0.020000
15 0.806050 0.475000 0.024911 0.014000
15 0.096085 0.472000 0.035587 0.020000
15 0.101423 0.464000 0.039146 0.020000
15 0.117438 0.460000 0.021352 0.016000
15 0.156584 0.455000 0.035587 0.022000
15 0.131673 0.457000 0.021352 0.018000
16 0.338078 0.077000 0.085409 0.038000
16 0.206406 0.205000 0.042705 0.042000
16 0.503559 0.020000 0.088968 0.028000
16 0.620996 0.034000 0.096085 0.036000
16 0.852313 0.483000 0.124555 0.054000
16 0.435943 0.623000 0.153025 0.058000
16 0.133452 0.466000 0.117438 0.052000
16 0.524911 0.383000 0.330961 0.194000
16 0.030249 0.429000 0.053381 0.098000
