15 0.182667 0.805000 0.040000 0.046000
15 0.180000 0.742000 0.056000 0.040000
15 0.170667 0.647000 0.106667 0.094000
15 0.396000 0.576000 0.040000 0.040000
15 0.282667 0.530000 0.053333 0.064000
15 0.342667 0.532000 0.050667 0.060000
15 0.350667 0.477000 0.050667 0.062000
15 0.414667 0.477000 0.034667 0.086000
15 0.458667 0.531000 0.042667 0.086000
15 0.526667 0.574000 0.045333 0.064000
15 0.508000 0.552000 0.040000 0.056000
15 0.556000 0.574000 0.024000 0.024000
15 0.206667 0.530000 0.082667 0.084000
15 0.146667 0.500000 0.064000 0.052000
15 0.218667 0.480000 0.042667 0.048000
15 0.262667 0.475000 0.061333 0.046000
15 0.238667 0.440000 0.040000 0.040000
15 0.302667 0.427000 0.034667 0.050000
15 0.334667 0.422000 0.050667 0.060000
15 0.558667 0.440000 0.061333 0.124000
15 0.610667 0.503000 0.090667 0.118000
15 0.630667 0.563000 0.056000 0.062000
15 0.694667 0.572000 0.040000 0.040000
15 0.698667 0.514000 0.042667 0.048000
15 0.710667 0.550000 0.045333 0.036000
15 0.666667 0.468000 0.048000 0.040000
15 0.634667 0.434000 0.037333 0.040000
15 0.602667 0.449000 0.037333 0.038000
15 0.594667 0.427000 0.042667 0.034000
15 0.446667 0.419000 0.034667 0.022000
15 0.398667 0.419000 0.024000 0.018000
16 0.430667 0.519000 0.616000 0.290000
