15 0.402667 0.162000 0.010667 0.012000
15 0.378667 0.157000 0.010667 0.018000
15 0.370667 0.160000 0.010667 0.016000
15 0.326667 0.160000 0.013333 0.008000
15 0.254667 0.158000 0.008000 0.008000
15 0.220000 0.158000 0.008000 0.008000
15 0.206667 0.157000 0.013333 0.006000
15 0.198667 0.160000 0.013333 0.008000
15 0.158667 0.119000 0.013333 0.018000
15 0.146667 0.117000 0.010667 0.014000
15 0.134667 0.119000 0.013333 0.014000
16 0.394667 0.172000 0.074667 0.040000
16 0.138667 0.131000 0.069333 0.034000
16 0.162667 0.176000 0.042667 0.036000
16 0.225333 0.187000 0.072000 0.042000
16 0.332000 0.184000 0.050667 0.036000
16 0.288000 0.160000 0.048000 0.032000
