15 0.173000 0.334667 0.010000 0.013333
15 0.181000 0.338667 0.006000 0.010667
15 0.215000 0.398667 0.006000 0.013333
15 0.225000 0.398667 0.006000 0.018667
15 0.195000 0.286667 0.010000 0.018667
15 0.203000 0.290667 0.010000 0.016000
15 0.262000 0.254667 0.012000 0.013333
15 0.264000 0.250667 0.016000 0.010667
15 0.266000 0.238667 0.016000 0.013333
15 0.295000 0.258667 0.006000 0.021333
15 0.298000 0.282667 0.012000 0.010667
15 0.296000 0.266667 0.008000 0.010667
15 0.499000 0.386667 0.010000 0.021333
15 0.506000 0.384000 0.008000 0.016000
15 0.513000 0.386667 0.010000 0.021333
15 0.549000 0.202667 0.010000 0.010667
15 0.556000 0.198667 0.008000 0.013333
15 0.562000 0.198667 0.008000 0.013333
15 0.566000 0.210667 0.008000 0.010667
15 0.564000 0.226667 0.012000 0.010667
15 0.588000 0.106667 0.012000 0.010667
15 0.589000 0.094667 0.010000 0.013333
15 0.596000 0.090667 0.008000 0.010667
15 0.602000 0.094667 0.008000 0.013333
15 0.611000 0.098667 0.010000 0.010667
15 0.609000 0.106667 0.010000 0.010667
15 0.665000 0.230667 0.010000 0.013333
15 0.668000 0.222667 0.008000 0.008000
15 0.670000 0.214667 0.008000 0.013333
15 0.675000 0.214667 0.010000 0.013333
15 0.684000 0.222667 0.012000 0.018667
15 0.684000 0.386667 0.008000 0.005333
15 0.685000 0.382667 0.010000 0.013333
15 0.691000 0.378667 0.006000 0.010667
15 0.697000 0.382667 0.006000 0.013333
16 0.690000 0.384000 0.032000 0.037333
16 0.675000 0.222667 0.034000 0.040000
16 0.600000 0.101333 0.036000 0.032000
16 0.556000 0.201333 0.028000 0.029333
16 0.506000 0.385333 0.036000 0.034667
16 0.281000 0.253333 0.054000 0.053333
16 0.219000 0.394667 0.026000 0.037333
16 0.174000 0.334667 0.028000 0.029333
16 0.200000 0.285333 0.028000 0.042667
