15 0.383000 0.618667 0.094000 0.080000
15 0.425000 0.582667 0.074000 0.082667
15 0.467000 0.558667 0.046000 0.093333
15 0.535000 0.574667 0.046000 0.088000
15 0.632000 0.682667 0.048000 0.064000
15 0.623000 0.622667 0.050000 0.072000
15 0.560000 0.552000 0.032000 0.080000
15 0.594000 0.548000 0.044000 0.088000
15 0.538000 0.502667 0.032000 0.061333
15 0.501000 0.516000 0.038000 0.088000
15 0.480000 0.498667 0.020000 0.026667
15 0.427000 0.530667 0.050000 0.042667
16 0.499000 0.592000 0.370000 0.346667
