15 0.476000 0.698000 0.048000 0.048000
15 0.617000 0.543000 0.062000 0.074000
15 0.649000 0.541000 0.026000 0.034000
15 0.486000 0.562000 0.112000 0.128000
15 0.539000 0.656000 0.030000 0.036000
15 0.372000 0.477000 0.052000 0.054000
15 0.430000 0.441000 0.036000 0.050000
15 0.469000 0.454000 0.054000 0.080000
15 0.549000 0.484000 0.034000 0.044000
15 0.236000 0.489000 0.036000 0.034000
15 0.278000 0.431000 0.112000 0.086000
15 0.237000 0.380000 0.050000 0.044000
15 0.219000 0.343000 0.050000 0.042000
15 0.280000 0.333000 0.064000 0.082000
15 0.253000 0.293000 0.054000 0.038000
15 0.235000 0.261000 0.050000 0.034000
15 0.230000 0.232000 0.056000 0.040000
15 0.470000 0.353000 0.056000 0.094000
15 0.528000 0.408000 0.048000 0.076000
15 0.652000 0.440000 0.036000 0.100000
15 0.676000 0.455000 0.036000 0.050000
15 0.687000 0.393000 0.030000 0.066000
15 0.648000 0.397000 0.040000 0.094000
15 0.603000 0.424000 0.034000 0.036000
15 0.587000 0.409000 0.046000 0.118000
15 0.622000 0.358000 0.032000 0.084000
15 0.563000 0.322000 0.034000 0.088000
15 0.589000 0.322000 0.022000 0.028000
15 0.374000 0.313000 0.068000 0.118000
15 0.336000 0.270000 0.044000 0.108000
15 0.296000 0.251000 0.048000 0.078000
15 0.317000 0.191000 0.030000 0.042000
15 0.340000 0.203000 0.048000 0.042000
15 0.392000 0.237000 0.056000 0.058000
15 0.332000 0.151000 0.044000 0.054000
15 0.349000 0.118000 0.034000 0.028000
15 0.359000 0.143000 0.038000 0.050000
15 0.373000 0.169000 0.034000 0.062000
15 0.404000 0.174000 0.032000 0.048000
15 0.432000 0.192000 0.040000 0.064000
15 0.373000 0.096000 0.038000 0.056000
15 0.394000 0.078000 0.036000 0.044000
15 0.430000 0.088000 0.040000 0.032000
15 0.468000 0.086000 0.036000 0.044000
15 0.515000 0.124000 0.062000 0.088000
15 0.437000 0.115000 0.042000 0.066000
15 0.406000 0.120000 0.036000 0.060000
15 0.462000 0.222000 0.052000 0.124000
15 0.523000 0.190000 0.066000 0.052000
15 0.555000 0.260000 0.110000 0.044000
15 0.575000 0.201000 0.050000 0.102000
16 0.371000 0.287000 0.510000 0.350000
16 0.894000 0.081000 0.212000 0.158000
16 0.597000 0.942000 0.334000 0.116000
