15 0.370667 0.330000 0.026667 0.008000
15 0.366667 0.322000 0.029333 0.008000
15 0.370667 0.317000 0.026667 0.010000
15 0.362667 0.307000 0.021333 0.006000
15 0.320000 0.236000 0.016000 0.016000
15 0.382667 0.216000 0.024000 0.012000
15 0.306667 0.221000 0.026667 0.006000
15 0.308000 0.217000 0.024000 0.006000
15 0.302667 0.210000 0.029333 0.008000
15 0.306667 0.201000 0.021333 0.006000
15 0.302667 0.196000 0.018667 0.004000
15 0.302667 0.190000 0.018667 0.008000
15 0.302667 0.185000 0.018667 0.010000
15 0.306667 0.178000 0.010667 0.012000
15 0.318667 0.173000 0.013333 0.018000
15 0.330667 0.172000 0.016000 0.020000
15 0.342667 0.173000 0.013333 0.018000
15 0.350667 0.173000 0.013333 0.026000
15 0.362667 0.179000 0.010667 0.026000
15 0.374667 0.189000 0.008000 0.022000
15 0.384000 0.195000 0.016000 0.022000
15 0.446667 0.148000 0.013333 0.008000
15 0.442667 0.139000 0.021333 0.006000
15 0.442667 0.131000 0.010667 0.006000
15 0.438667 0.119000 0.024000 0.014000
15 0.438667 0.111000 0.018667 0.006000
15 0.438667 0.102000 0.024000 0.012000
15 0.446667 0.094000 0.018667 0.016000
15 0.458667 0.088000 0.016000 0.016000
15 0.472000 0.088000 0.016000 0.020000
15 0.482667 0.088000 0.010667 0.020000
15 0.496000 0.089000 0.016000 0.030000
15 0.506667 0.096000 0.016000 0.024000
15 0.522667 0.099000 0.016000 0.018000
15 0.542667 0.097000 0.013333 0.018000
15 0.550667 0.091000 0.013333 0.026000
15 0.562667 0.091000 0.010667 0.026000
15 0.570667 0.097000 0.010667 0.022000
15 0.582667 0.107000 0.013333 0.022000
15 0.590667 0.119000 0.018667 0.018000
15 0.586667 0.138000 0.021333 0.016000
16 0.473333 0.113000 0.082667 0.066000
16 0.564000 0.121000 0.082667 0.070000
16 0.334667 0.208000 0.146667 0.100000
16 0.588000 0.306000 0.061333 0.060000
