15 0.199000 0.702667 0.094000 0.098667
15 0.180000 0.710667 0.100000 0.210667
15 0.194000 0.582667 0.124000 0.210667
15 0.175000 0.478667 0.186000 0.269333
15 0.235000 0.414667 0.154000 0.285333
15 0.348000 0.530667 0.100000 0.272000
15 0.450000 0.446667 0.064000 0.269333
15 0.559000 0.502667 0.078000 0.221333
15 0.796000 0.554667 0.204000 0.266667
15 0.665000 0.420000 0.130000 0.360000
15 0.536000 0.350667 0.072000 0.104000
15 0.492000 0.270667 0.076000 0.125333
15 0.389000 0.202667 0.150000 0.112000
15 0.376000 0.334667 0.076000 0.141333
15 0.360000 0.254667 0.072000 0.045333
15 0.330000 0.374667 0.068000 0.061333
16 0.500000 0.529333 0.764000 0.632000
