15 0.239000 0.609610 0.038000 0.066066
15 0.063000 0.818318 0.094000 0.063063
15 0.029000 0.752252 0.054000 0.081081
15 0.012000 0.720721 0.016000 0.072072
15 0.129000 0.585586 0.050000 0.090090
15 0.076000 0.579580 0.044000 0.072072
15 0.165000 0.531532 0.038000 0.084084
15 0.205000 0.468468 0.034000 0.066066
15 0.309000 0.379880 0.050000 0.123123
15 0.298000 0.304805 0.048000 0.093093
15 0.247000 0.270270 0.070000 0.132132
15 0.231000 0.336336 0.034000 0.054054
15 0.220000 0.406907 0.044000 0.063063
15 0.193000 0.355856 0.038000 0.081081
15 0.172000 0.336336 0.032000 0.042042
15 0.079000 0.465465 0.094000 0.138138
15 0.126000 0.465465 0.044000 0.066066
15 0.161000 0.439940 0.034000 0.063063
15 0.160000 0.384384 0.028000 0.048048
15 0.139000 0.367868 0.034000 0.057057
15 0.114000 0.330330 0.036000 0.060060
15 0.071000 0.349850 0.034000 0.045045
15 0.094000 0.375375 0.052000 0.072072
15 0.853000 0.591592 0.038000 0.066066
15 0.645000 0.480480 0.042000 0.078078
15 0.604000 0.432432 0.040000 0.138138
15 0.635000 0.384384 0.046000 0.108108
15 0.672000 0.369369 0.028000 0.126126
15 0.573000 0.309309 0.078000 0.126126
15 0.608000 0.285285 0.056000 0.102102
15 0.787000 0.402402 0.030000 0.108108
15 0.876000 0.411411 0.052000 0.168168
15 0.860000 0.310811 0.044000 0.099099
15 0.783000 0.277778 0.050000 0.093093
15 0.811000 0.253754 0.046000 0.063063
15 0.729000 0.274775 0.042000 0.147147
15 0.750000 0.361862 0.024000 0.093093
15 0.699000 0.339339 0.034000 0.090090
16 0.715000 0.519520 0.310000 0.366366
16 0.161000 0.450450 0.270000 0.270270
16 0.526000 0.060060 0.428000 0.108108
16 0.038000 0.801802 0.072000 0.228228
