15 0.428000 0.536036 0.008000 0.015015
15 0.400000 0.408408 0.008000 0.006006
15 0.403000 0.406907 0.006000 0.009009
15 0.406000 0.406907 0.008000 0.015015
15 0.413000 0.405405 0.010000 0.018018
15 0.231000 0.448949 0.006000 0.015015
15 0.235000 0.448949 0.010000 0.021021
15 0.243000 0.454955 0.006000 0.021021
16 0.348000 0.396396 0.028000 0.030030
16 0.405000 0.414414 0.030000 0.024024
16 0.458000 0.506006 0.032000 0.027027
16 0.432000 0.545045 0.020000 0.033033
16 0.286000 0.531532 0.012000 0.012012
16 0.235000 0.459459 0.050000 0.048048
