15 0.126000 0.312312 0.028000 0.066066
15 0.137000 0.315315 0.014000 0.042042
15 0.149000 0.315315 0.026000 0.054054
15 0.168000 0.339339 0.028000 0.018018
15 0.165000 0.357357 0.030000 0.030030
15 0.162000 0.381381 0.020000 0.018018
15 0.189000 0.599099 0.026000 0.033033
15 0.204000 0.591592 0.016000 0.048048
15 0.213000 0.588589 0.010000 0.048048
15 0.222000 0.593093 0.020000 0.057057
15 0.234000 0.593093 0.020000 0.063063
15 0.251000 0.605105 0.026000 0.045045
15 0.275000 0.710210 0.030000 0.021021
15 0.277000 0.690691 0.026000 0.030030
15 0.282000 0.675676 0.020000 0.030030
15 0.301000 0.677177 0.022000 0.045045
15 0.318000 0.678679 0.016000 0.054054
15 0.331000 0.680180 0.014000 0.051051
15 0.341000 0.699700 0.010000 0.048048
16 0.138000 0.360360 0.092000 0.090090
16 0.220000 0.605105 0.072000 0.099099
16 0.309000 0.702703 0.070000 0.102102
