15 0.318667 0.428000 0.018667 0.012000
15 0.326667 0.426000 0.013333 0.016000
15 0.334667 0.427000 0.008000 0.018000
15 0.346667 0.434000 0.010667 0.016000
15 0.358667 0.420000 0.013333 0.012000
15 0.346667 0.424000 0.010667 0.012000
15 0.370667 0.336000 0.010667 0.008000
15 0.378667 0.330000 0.010667 0.012000
15 0.390667 0.334000 0.013333 0.016000
15 0.406667 0.341000 0.008000 0.014000
15 0.406667 0.324000 0.013333 0.016000
15 0.418667 0.323000 0.010667 0.010000
15 0.510667 0.309000 0.013333 0.010000
15 0.514667 0.304000 0.010667 0.008000
15 0.522667 0.299000 0.010667 0.014000
15 0.538667 0.299000 0.010667 0.014000
15 0.554667 0.295000 0.021333 0.010000
15 0.566667 0.313000 0.018667 0.014000
15 0.574667 0.267000 0.008000 0.014000
15 0.586667 0.262000 0.010667 0.008000
15 0.594667 0.261000 0.010667 0.018000
15 0.606667 0.265000 0.013333 0.018000
15 0.402667 0.189000 0.010667 0.010000
15 0.414667 0.185000 0.018667 0.014000
15 0.430667 0.192000 0.013333 0.016000
15 0.438667 0.197000 0.008000 0.014000
15 0.450667 0.086000 0.016000 0.008000
15 0.450667 0.075000 0.016000 0.014000
15 0.458667 0.070000 0.016000 0.016000
15 0.474667 0.071000 0.016000 0.014000
15 0.482667 0.075000 0.016000 0.014000
16 0.470667 0.082000 0.066667 0.036000
16 0.596000 0.274000 0.093333 0.048000
16 0.529333 0.311000 0.066667 0.038000
16 0.414667 0.197000 0.072000 0.038000
16 0.386667 0.339000 0.053333 0.046000
16 0.330667 0.433000 0.090667 0.050000
