15 0.532000 0.254491 0.008000 0.023952
15 0.521000 0.263473 0.014000 0.029940
15 0.388000 0.299401 0.020000 0.017964
15 0.384000 0.276946 0.008000 0.008982
15 0.372000 0.244012 0.012000 0.014970
15 0.371000 0.223054 0.014000 0.020958
15 0.380000 0.217066 0.012000 0.020958
15 0.441000 0.182635 0.022000 0.017964
15 0.446000 0.166168 0.024000 0.020958
15 0.444000 0.148204 0.020000 0.014970
15 0.445000 0.136228 0.022000 0.014970
15 0.445000 0.118263 0.026000 0.020958
15 0.449000 0.101796 0.030000 0.011976
15 0.444000 0.083832 0.020000 0.017964
15 0.505000 0.115269 0.010000 0.020958
15 0.497000 0.088323 0.010000 0.014970
15 0.485000 0.092814 0.010000 0.023952
15 0.474000 0.083832 0.012000 0.029940
15 0.458000 0.076347 0.016000 0.026946
16 0.472000 0.094311 0.080000 0.080838
16 0.552000 0.269461 0.068000 0.059880
16 0.393000 0.227545 0.054000 0.041916
16 0.358000 0.339820 0.044000 0.032934
16 0.373000 0.473054 0.042000 0.041916
16 0.570000 0.706587 0.044000 0.041916
