15 0.433000 0.294667 0.010000 0.018667
15 0.428000 0.306667 0.008000 0.016000
15 0.438000 0.314667 0.012000 0.016000
15 0.383000 0.306667 0.010000 0.016000
15 0.379000 0.314667 0.006000 0.010667
15 0.308000 0.392000 0.008000 0.016000
15 0.317000 0.386667 0.010000 0.010667
15 0.312000 0.378667 0.008000 0.010667
15 0.301000 0.386667 0.010000 0.016000
15 0.294000 0.346667 0.012000 0.021333
15 0.304000 0.354667 0.012000 0.021333
15 0.313000 0.138667 0.006000 0.016000
15 0.324000 0.138667 0.008000 0.021333
16 0.319000 0.149333 0.038000 0.026667
16 0.381000 0.306667 0.030000 0.021333
16 0.430000 0.313333 0.040000 0.034667
16 0.294000 0.360000 0.056000 0.042667
