15 0.079000 0.432432 0.010000 0.018018
15 0.085000 0.423423 0.010000 0.018018
15 0.095000 0.415916 0.010000 0.015015
15 0.103000 0.415916 0.010000 0.021021
15 0.111000 0.423423 0.010000 0.018018
15 0.407000 0.349850 0.010000 0.009009
15 0.414000 0.342342 0.008000 0.012012
15 0.424000 0.345345 0.008000 0.012012
15 0.430000 0.354354 0.008000 0.012012
15 0.451000 0.531532 0.010000 0.012012
16 0.418000 0.357357 0.044000 0.048048
16 0.457000 0.539039 0.026000 0.039039
16 0.328000 0.531532 0.016000 0.018018
16 0.255000 0.333333 0.050000 0.042042
16 0.230000 0.454955 0.020000 0.033033
16 0.097000 0.427928 0.058000 0.045045
