15 0.448949 0.567000 0.009009 0.006000
15 0.453453 0.565000 0.012012 0.006000
15 0.462462 0.564000 0.012012 0.012000
15 0.481982 0.530000 0.009009 0.008000
15 0.481982 0.523000 0.015015 0.006000
15 0.493994 0.522000 0.009009 0.012000
15 0.504505 0.524000 0.012012 0.008000
15 0.566066 0.496000 0.015015 0.008000
15 0.579580 0.493000 0.012012 0.010000
15 0.587087 0.497000 0.009009 0.010000
15 0.531532 0.524000 0.006006 0.008000
15 0.495495 0.299000 0.012012 0.010000
15 0.507508 0.295000 0.012012 0.010000
15 0.515015 0.295000 0.015015 0.014000
15 0.417417 0.411000 0.012012 0.006000
15 0.414414 0.401000 0.012012 0.006000
15 0.427928 0.398000 0.015015 0.012000
15 0.439940 0.401000 0.015015 0.014000
15 0.450450 0.407000 0.012012 0.018000
15 0.354354 0.453000 0.012012 0.010000
15 0.370871 0.451000 0.009009 0.010000
15 0.379880 0.450000 0.009009 0.012000
15 0.385886 0.456000 0.009009 0.012000
15 0.388889 0.461000 0.009009 0.010000
15 0.331832 0.101000 0.015015 0.010000
15 0.340841 0.094000 0.015015 0.012000
15 0.348348 0.094000 0.012012 0.012000
15 0.361862 0.098000 0.009009 0.008000
15 0.364865 0.107000 0.009009 0.006000
16 0.343844 0.102000 0.063063 0.036000
16 0.513514 0.300000 0.066066 0.036000
16 0.435435 0.405000 0.078078 0.038000
16 0.373874 0.461000 0.093093 0.050000
16 0.581081 0.495000 0.051051 0.026000
16 0.457958 0.564000 0.057057 0.044000
