15 0.347000 0.624332 0.014000 0.013369
15 0.484000 0.570856 0.012000 0.008021
15 0.680000 0.696524 0.008000 0.008021
15 0.484000 0.754011 0.008000 0.010695
15 0.381000 0.703209 0.006000 0.010695
15 0.379000 0.664439 0.006000 0.008021
15 0.405000 0.673797 0.010000 0.010695
16 0.319000 0.438503 0.034000 0.037433
16 0.279000 0.552139 0.026000 0.034759
16 0.347000 0.628342 0.022000 0.032086
16 0.483000 0.578877 0.030000 0.029412
16 0.393000 0.613636 0.022000 0.029412
16 0.377000 0.664439 0.018000 0.029412
16 0.405000 0.675134 0.018000 0.024064
