15 0.103000 0.375668 0.014000 0.013369
15 0.086000 0.475936 0.008000 0.010695
15 0.259000 0.497326 0.006000 0.005348
15 0.097000 0.385027 0.010000 0.010695
15 0.172000 0.540107 0.008000 0.005348
15 0.335000 0.573529 0.006000 0.008021
16 0.100000 0.386364 0.020000 0.029412
16 0.118000 0.516043 0.016000 0.021390
16 0.105000 0.518717 0.010000 0.016043
16 0.257000 0.501337 0.022000 0.029412
16 0.271000 0.582888 0.014000 0.026738
16 0.334000 0.577540 0.012000 0.016043
16 0.814000 0.502674 0.016000 0.016043
16 0.968000 0.516043 0.016000 0.021390
16 0.931000 0.549465 0.014000 0.024064
16 0.688000 0.536096 0.012000 0.024064
16 0.607000 0.534759 0.018000 0.021390
16 0.599000 0.577540 0.018000 0.026738
16 0.641000 0.546791 0.014000 0.018717
16 0.624000 0.565508 0.012000 0.024064
