15 0.767943 0.544000 0.014354 0.012000
15 0.880383 0.568000 0.009569 0.012000
15 0.888756 0.570000 0.007177 0.012000
15 0.894737 0.573000 0.004785 0.010000
15 0.596890 0.496000 0.011962 0.008000
15 0.644737 0.460000 0.007177 0.012000
15 0.636364 0.458000 0.009569 0.012000
15 0.692584 0.448000 0.007177 0.008000
15 0.699761 0.444000 0.011962 0.012000
15 0.672249 0.468000 0.004785 0.008000
15 0.684211 0.472000 0.009569 0.008000
15 0.638756 0.351000 0.009569 0.010000
15 0.631579 0.346000 0.009569 0.016000
15 0.623206 0.350000 0.007177 0.012000
15 0.020335 0.134000 0.007177 0.012000
15 0.027512 0.129000 0.007177 0.010000
15 0.033493 0.130000 0.004785 0.012000
15 0.041866 0.131000 0.007177 0.006000
15 0.061005 0.138000 0.007177 0.008000
15 0.068182 0.136000 0.011962 0.008000
15 0.111244 0.189000 0.011962 0.014000
15 0.124402 0.188000 0.014354 0.012000
15 0.144737 0.189000 0.011962 0.010000
15 0.081340 0.061000 0.009569 0.010000
15 0.075359 0.073000 0.011962 0.010000
15 0.089713 0.058000 0.007177 0.008000
15 0.096890 0.057000 0.007177 0.010000
15 0.102871 0.059000 0.004785 0.010000
16 0.090909 0.067000 0.047847 0.030000
16 0.064593 0.142000 0.033493 0.032000
16 0.023923 0.138000 0.038278 0.048000
16 0.118421 0.194000 0.031100 0.024000
16 0.132775 0.191000 0.026316 0.026000
16 0.351675 0.269000 0.047847 0.038000
16 0.558612 0.163000 0.040670 0.046000
16 0.633971 0.354000 0.043062 0.032000
16 0.580144 0.421000 0.035885 0.034000
16 0.598086 0.502000 0.047847 0.036000
16 0.611244 0.460000 0.026316 0.024000
16 0.680622 0.472000 0.035885 0.032000
16 0.639952 0.469000 0.026316 0.026000
16 0.703349 0.455000 0.023923 0.030000
16 0.685407 0.516000 0.031100 0.028000
16 0.722488 0.559000 0.028708 0.034000
16 0.765550 0.629000 0.028708 0.038000
16 0.766746 0.551000 0.050239 0.034000
16 0.811005 0.434000 0.033493 0.032000
16 0.824163 0.523000 0.031100 0.026000
16 0.848086 0.589000 0.026316 0.026000
16 0.887560 0.581000 0.052632 0.042000
