16 0.428826 0.543000 0.017794 0.014000
16 0.478648 0.596000 0.017794 0.012000
16 0.590747 0.566000 0.028470 0.016000
16 0.519573 0.622000 0.021352 0.012000
16 0.519573 0.690000 0.021352 0.016000
16 0.492883 0.637000 0.017794 0.014000
16 0.428826 0.629000 0.010676 0.014000
16 0.628114 0.639000 0.017794 0.010000
16 0.613879 0.641000 0.017794 0.010000
16 0.578292 0.626000 0.017794 0.008000
16 0.725979 0.598000 0.021352 0.008000
16 0.709964 0.611000 0.010676 0.010000
16 0.761566 0.627000 0.021352 0.010000
16 0.704626 0.649000 0.021352 0.010000
16 0.708185 0.699000 0.028470 0.018000
