15 0.400000 0.461000 0.016000 0.014000
15 0.382667 0.439000 0.018667 0.010000
15 0.374667 0.430000 0.018667 0.012000
15 0.390667 0.424000 0.018667 0.012000
15 0.426667 0.422000 0.016000 0.012000
15 0.466667 0.440000 0.016000 0.012000
15 0.466667 0.428000 0.021333 0.012000
15 0.458667 0.423000 0.021333 0.010000
15 0.442667 0.403000 0.016000 0.014000
15 0.450667 0.413000 0.010667 0.010000
15 0.414667 0.392000 0.013333 0.016000
15 0.426667 0.400000 0.010667 0.012000
15 0.402667 0.396000 0.021333 0.012000
15 0.394667 0.399000 0.010667 0.014000
15 0.386667 0.410000 0.021333 0.020000
15 0.826667 0.479000 0.016000 0.014000
15 0.826667 0.467000 0.010667 0.010000
15 0.826667 0.460000 0.010667 0.008000
15 0.822667 0.454000 0.013333 0.008000
15 0.822667 0.442000 0.013333 0.008000
15 0.818667 0.434000 0.010667 0.008000
15 0.814667 0.429000 0.018667 0.010000
15 0.798667 0.464000 0.013333 0.008000
15 0.766667 0.473000 0.013333 0.010000
15 0.766667 0.467000 0.013333 0.010000
15 0.770667 0.457000 0.010667 0.006000
15 0.766667 0.448000 0.013333 0.012000
15 0.770667 0.434000 0.010667 0.012000
15 0.782667 0.429000 0.013333 0.010000
15 0.798667 0.430000 0.013333 0.008000
15 0.466667 0.334000 0.016000 0.016000
15 0.442667 0.351000 0.021333 0.014000
15 0.450667 0.343000 0.021333 0.014000
15 0.434667 0.242000 0.021333 0.016000
15 0.498667 0.239000 0.010667 0.010000
15 0.516000 0.234000 0.008000 0.012000
15 0.514667 0.252000 0.010667 0.016000
15 0.442667 0.231000 0.016000 0.014000
15 0.470667 0.226000 0.008000 0.012000
15 0.478667 0.223000 0.008000 0.006000
15 0.486667 0.221000 0.008000 0.006000
15 0.458667 0.228000 0.010667 0.012000
15 0.446667 0.217000 0.013333 0.010000
15 0.458667 0.211000 0.010667 0.006000
15 0.474667 0.205000 0.010667 0.010000
15 0.482667 0.206000 0.010667 0.012000
15 0.494667 0.210000 0.013333 0.012000
15 0.510667 0.220000 0.013333 0.012000
15 0.458667 0.127000 0.016000 0.014000
15 0.650667 0.240000 0.021333 0.020000
15 0.638667 0.230000 0.013333 0.008000
15 0.664000 0.221000 0.016000 0.014000
15 0.642667 0.219000 0.016000 0.010000
15 0.638667 0.211000 0.008000 0.010000
15 0.654667 0.192000 0.013333 0.016000
15 0.666667 0.204000 0.021333 0.016000
15 0.630667 0.186000 0.013333 0.016000
15 0.574667 0.204000 0.018667 0.016000
15 0.626667 0.202000 0.016000 0.012000
15 0.582667 0.197000 0.018667 0.014000
15 0.586667 0.189000 0.016000 0.010000
15 0.616000 0.186000 0.016000 0.016000
15 0.504000 0.127000 0.016000 0.010000
15 0.514667 0.122000 0.010667 0.016000
15 0.522667 0.117000 0.016000 0.014000
15 0.534667 0.126000 0.008000 0.008000
15 0.542667 0.116000 0.013333 0.012000
15 0.538667 0.104000 0.010667 0.012000
15 0.464000 0.114000 0.016000 0.012000
15 0.466667 0.102000 0.021333 0.012000
15 0.470667 0.096000 0.013333 0.008000
15 0.486667 0.084000 0.024000 0.016000
15 0.510667 0.087000 0.013333 0.018000
15 0.526667 0.088000 0.013333 0.020000
15 0.486667 0.101000 0.018667 0.014000
15 0.482667 0.115000 0.016000 0.014000
16 0.790667 0.448000 0.098667 0.064000
16 0.417333 0.426000 0.114667 0.068000
16 0.449333 0.347000 0.045333 0.042000
16 0.473333 0.235000 0.098667 0.074000
16 0.496000 0.115000 0.117333 0.066000
16 0.621333 0.214000 0.117333 0.080000
