15 0.514667 0.439000 0.010667 0.006000
15 0.490667 0.469000 0.016000 0.010000
15 0.482667 0.503000 0.010667 0.006000
15 0.536000 0.476000 0.016000 0.004000
15 0.466667 0.367000 0.010667 0.010000
15 0.478667 0.368000 0.013333 0.008000
15 0.422667 0.358000 0.013333 0.008000
15 0.402667 0.359000 0.010667 0.006000
15 0.426667 0.342000 0.010667 0.008000
15 0.434667 0.343000 0.010667 0.010000
15 0.446667 0.339000 0.008000 0.010000
15 0.462667 0.341000 0.008000 0.006000
15 0.390667 0.337000 0.008000 0.010000
15 0.390667 0.328000 0.013333 0.008000
15 0.398667 0.327000 0.008000 0.010000
15 0.410667 0.327000 0.005333 0.010000
15 0.420000 0.327000 0.008000 0.006000
15 0.440000 0.195000 0.016000 0.010000
15 0.454667 0.191000 0.013333 0.010000
16 0.446667 0.195000 0.034667 0.030000
16 0.396000 0.333000 0.029333 0.026000
16 0.417333 0.331000 0.024000 0.014000
16 0.401333 0.363000 0.024000 0.018000
16 0.421333 0.362000 0.026667 0.020000
16 0.473333 0.374000 0.029333 0.020000
16 0.453333 0.343000 0.026667 0.018000
16 0.432000 0.344000 0.026667 0.016000
16 0.512000 0.442000 0.016000 0.016000
16 0.488000 0.471000 0.021333 0.014000
16 0.482667 0.506000 0.021333 0.016000
16 0.533333 0.477000 0.026667 0.014000
16 0.513333 0.498000 0.013333 0.008000
