15 0.318667 0.739000 0.104000 0.074000
15 0.430667 0.641000 0.077333 0.042000
15 0.442667 0.699000 0.160000 0.070000
15 0.406667 0.794000 0.104000 0.088000
15 0.306667 0.814000 0.090667 0.060000
15 0.504000 0.811000 0.064000 0.062000
15 0.654667 0.832000 0.066667 0.068000
15 0.634667 0.766000 0.069333 0.056000
15 0.550667 0.755000 0.050667 0.046000
15 0.606667 0.730000 0.056000 0.024000
15 0.602667 0.688000 0.053333 0.048000
15 0.642667 0.685000 0.037333 0.034000
15 0.570667 0.712000 0.048000 0.024000
15 0.536000 0.720000 0.032000 0.016000
15 0.710667 0.682000 0.056000 0.044000
15 0.706667 0.730000 0.058667 0.044000
15 0.650667 0.727000 0.042667 0.030000
15 0.778667 0.775000 0.042667 0.038000
15 0.722667 0.802000 0.064000 0.060000
15 0.758667 0.868000 0.061333 0.068000
15 0.662667 0.902000 0.082667 0.052000
15 0.698667 0.937000 0.037333 0.042000
15 0.626667 0.946000 0.101333 0.076000
15 0.542667 0.951000 0.061333 0.050000
15 0.462667 0.895000 0.077333 0.046000
15 0.394667 0.918000 0.074667 0.044000
15 0.494667 0.956000 0.034667 0.048000
15 0.230667 0.116000 0.013333 0.008000
15 0.230667 0.102000 0.013333 0.012000
15 0.238667 0.098000 0.013333 0.016000
15 0.250667 0.103000 0.010667 0.014000
15 0.266667 0.102000 0.010667 0.016000
15 0.276000 0.108000 0.008000 0.012000
15 0.282667 0.106000 0.010667 0.016000
15 0.298667 0.106000 0.010667 0.016000
15 0.310667 0.113000 0.013333 0.014000
15 0.308000 0.127000 0.024000 0.014000
15 0.014667 0.576000 0.018667 0.012000
15 0.022667 0.565000 0.024000 0.014000
15 0.038667 0.551000 0.018667 0.014000
15 0.022667 0.552000 0.013333 0.012000
15 0.016000 0.546000 0.016000 0.016000
15 0.014667 0.535000 0.013333 0.010000
15 0.040000 0.537000 0.016000 0.010000
15 0.042667 0.528000 0.016000 0.012000
15 0.026667 0.534000 0.010667 0.016000
15 0.022667 0.517000 0.018667 0.010000
15 0.010667 0.520000 0.016000 0.016000
16 0.525333 0.812000 0.522667 0.324000
16 0.269333 0.115000 0.122667 0.078000
16 0.033333 0.541000 0.061333 0.090000
16 0.593333 0.021000 0.104000 0.038000
16 0.742667 0.028000 0.130667 0.044000
16 0.812000 0.345000 0.034667 0.066000
