16 0.098000 0.067093 0.020000 0.031949
16 0.098000 0.138978 0.012000 0.022364
16 0.083000 0.183706 0.014000 0.022364
16 0.069000 0.206070 0.014000 0.022364
16 0.064000 0.266773 0.012000 0.022364
16 0.104000 0.281150 0.016000 0.019169
16 0.115000 0.458466 0.018000 0.022364
16 0.065000 0.432907 0.014000 0.028754
16 0.051000 0.442492 0.010000 0.022364
16 0.031000 0.482428 0.018000 0.025559
16 0.048000 0.512780 0.012000 0.028754
16 0.185000 0.207668 0.010000 0.025559
16 0.157000 0.303514 0.014000 0.025559
16 0.139000 0.356230 0.014000 0.022364
16 0.188000 0.383387 0.016000 0.019169
16 0.008000 0.175719 0.012000 0.031949
16 0.006000 0.285942 0.008000 0.022364
16 0.271000 0.365815 0.014000 0.022364
16 0.314000 0.261981 0.012000 0.025559
16 0.334000 0.253994 0.012000 0.022364
16 0.321000 0.329073 0.010000 0.012780
16 0.309000 0.367412 0.010000 0.019169
16 0.337000 0.384984 0.014000 0.022364
16 0.362000 0.231629 0.012000 0.035144
16 0.357000 0.340256 0.018000 0.028754
16 0.369000 0.373802 0.014000 0.019169
16 0.376000 0.400958 0.008000 0.015974
16 0.397000 0.207668 0.014000 0.025559
16 0.386000 0.202875 0.016000 0.028754
16 0.403000 0.367412 0.014000 0.031949
16 0.419000 0.396166 0.014000 0.025559
16 0.425000 0.436102 0.018000 0.028754
16 0.458000 0.314696 0.016000 0.028754
16 0.476000 0.300319 0.012000 0.019169
16 0.465000 0.343450 0.010000 0.015974
16 0.502000 0.357827 0.016000 0.031949
16 0.489000 0.389776 0.010000 0.019169
16 0.520000 0.428115 0.012000 0.031949
16 0.526000 0.407348 0.016000 0.015974
16 0.538000 0.293930 0.012000 0.025559
16 0.559000 0.249201 0.014000 0.019169
16 0.570000 0.340256 0.012000 0.015974
16 0.584000 0.399361 0.012000 0.019169
16 0.576000 0.397764 0.012000 0.022364
16 0.558000 0.507987 0.012000 0.025559
16 0.602000 0.364217 0.012000 0.019169
16 0.620000 0.316294 0.016000 0.025559
16 0.629000 0.388179 0.014000 0.022364
16 0.611000 0.413738 0.006000 0.015974
16 0.594000 0.434505 0.008000 0.019169
16 0.674000 0.261981 0.016000 0.019169
16 0.697000 0.274760 0.014000 0.025559
16 0.654000 0.353035 0.016000 0.015974
16 0.633000 0.463259 0.010000 0.019169
16 0.664000 0.426518 0.012000 0.015974
16 0.672000 0.405751 0.012000 0.019169
16 0.682000 0.309904 0.008000 0.019169
16 0.711000 0.343450 0.014000 0.022364
16 0.698000 0.444089 0.016000 0.038339
16 0.740000 0.444089 0.012000 0.025559
16 0.632000 0.583067 0.012000 0.022364
16 0.643000 0.533546 0.018000 0.025559
16 0.755000 0.442492 0.018000 0.028754
16 0.822000 0.410543 0.016000 0.022364
16 0.834000 0.407348 0.016000 0.022364
16 0.843000 0.461661 0.010000 0.022364
16 0.856000 0.484026 0.012000 0.022364
16 0.832000 0.557508 0.012000 0.022364
16 0.822000 0.547923 0.016000 0.022364
16 0.829000 0.484026 0.010000 0.015974
16 0.824000 0.474441 0.012000 0.015974
16 0.875000 0.402556 0.010000 0.025559
16 0.884000 0.376997 0.012000 0.019169
16 0.890000 0.327476 0.012000 0.022364
16 0.900000 0.285942 0.012000 0.028754
16 0.937000 0.300319 0.014000 0.025559
16 0.928000 0.335463 0.012000 0.019169
16 0.921000 0.370607 0.010000 0.019169
16 0.987000 0.407348 0.018000 0.028754
16 0.984000 0.501597 0.012000 0.025559
16 0.966000 0.424920 0.012000 0.019169
16 0.937000 0.404153 0.014000 0.022364
