15 0.665000 0.506667 0.010000 0.010667
15 0.664000 0.522667 0.008000 0.010667
15 0.676000 0.518667 0.012000 0.013333
15 0.750000 0.482667 0.008000 0.010667
15 0.737000 0.474667 0.006000 0.010667
15 0.742000 0.478667 0.008000 0.013333
15 0.624000 0.482667 0.012000 0.010667
15 0.622000 0.464000 0.008000 0.016000
15 0.653000 0.458667 0.010000 0.016000
15 0.645000 0.450667 0.010000 0.010667
15 0.639000 0.446667 0.006000 0.013333
15 0.738000 0.426667 0.008000 0.010667
15 0.733000 0.426667 0.010000 0.010667
15 0.592000 0.398667 0.012000 0.013333
15 0.681000 0.310667 0.006000 0.013333
15 0.681000 0.298667 0.014000 0.010667
15 0.682000 0.282667 0.012000 0.016000
15 0.689000 0.278667 0.014000 0.013333
15 0.696000 0.274667 0.008000 0.010667
15 0.705000 0.278667 0.006000 0.013333
15 0.709000 0.286667 0.010000 0.013333
15 0.630000 0.082667 0.008000 0.016000
15 0.676000 0.386667 0.008000 0.010667
15 0.163000 0.626667 0.010000 0.016000
16 0.622000 0.101333 0.044000 0.069333
16 0.584000 0.424000 0.036000 0.069333
16 0.695000 0.293333 0.050000 0.069333
16 0.726000 0.430667 0.028000 0.034667
16 0.738000 0.485333 0.032000 0.042667
16 0.664000 0.400000 0.028000 0.037333
16 0.630000 0.462667 0.036000 0.034667
16 0.341000 0.340000 0.022000 0.056000
16 0.289000 0.406667 0.042000 0.050667
16 0.159000 0.642667 0.038000 0.058667
