15 0.346667 0.466000 0.016000 0.008000
15 0.334667 0.468000 0.013333 0.012000
15 0.370667 0.488000 0.010667 0.008000
15 0.410667 0.450000 0.010667 0.008000
15 0.398667 0.439000 0.008000 0.006000
15 0.410667 0.440000 0.010667 0.008000
15 0.382667 0.393000 0.013333 0.010000
15 0.378667 0.392000 0.010667 0.008000
15 0.366667 0.396000 0.013333 0.008000
15 0.354667 0.399000 0.016000 0.010000
15 0.436000 0.323000 0.008000 0.010000
15 0.426667 0.324000 0.010667 0.008000
15 0.466667 0.380000 0.010667 0.008000
15 0.454667 0.381000 0.013333 0.010000
15 0.548000 0.355000 0.008000 0.006000
15 0.558667 0.356000 0.008000 0.008000
15 0.466667 0.294000 0.010667 0.008000
15 0.474667 0.289000 0.010667 0.006000
15 0.500000 0.308000 0.008000 0.004000
15 0.506667 0.308000 0.005333 0.004000
15 0.510667 0.144000 0.013333 0.012000
15 0.502667 0.147000 0.008000 0.006000
15 0.498667 0.156000 0.016000 0.012000
16 0.506667 0.157000 0.048000 0.054000
16 0.552000 0.359000 0.026667 0.034000
16 0.466667 0.297000 0.037333 0.034000
16 0.502667 0.312000 0.034667 0.028000
16 0.429333 0.325000 0.042667 0.030000
16 0.461333 0.382000 0.037333 0.028000
16 0.366667 0.404000 0.061333 0.044000
16 0.369333 0.491000 0.029333 0.018000
16 0.348000 0.472000 0.056000 0.036000
