15 0.509777 0.864000 0.030726 0.016000
15 0.585196 0.823000 0.019553 0.010000
15 0.536313 0.835000 0.016760 0.010000
15 0.518156 0.823000 0.019553 0.014000
15 0.505587 0.845000 0.027933 0.010000
15 0.473464 0.821000 0.036313 0.018000
15 0.479050 0.842000 0.008380 0.008000
15 0.480447 0.855000 0.022346 0.010000
15 0.486034 0.803000 0.027933 0.014000
15 0.476257 0.790000 0.019553 0.012000
15 0.488827 0.778000 0.027933 0.012000
15 0.511173 0.772000 0.016760 0.020000
15 0.547486 0.777000 0.016760 0.022000
15 0.581006 0.698000 0.011173 0.012000
15 0.564246 0.699000 0.011173 0.010000
15 0.553073 0.701000 0.011173 0.010000
15 0.539106 0.710000 0.011173 0.008000
15 0.540503 0.703000 0.008380 0.006000
15 0.583799 0.686000 0.011173 0.008000
15 0.590782 0.681000 0.013966 0.006000
15 0.569832 0.689000 0.011173 0.006000
15 0.574022 0.682000 0.008380 0.008000
15 0.560056 0.692000 0.008380 0.008000
15 0.547486 0.693000 0.011173 0.010000
15 0.536313 0.695000 0.011173 0.006000
15 0.527933 0.699000 0.005587 0.006000
15 0.678771 0.686000 0.022346 0.016000
15 0.708101 0.692000 0.013966 0.008000
15 0.715084 0.683000 0.011173 0.010000
15 0.699721 0.669000 0.008380 0.006000
15 0.702514 0.672000 0.008380 0.008000
15 0.708101 0.669000 0.013966 0.010000
15 0.699721 0.683000 0.013966 0.010000
15 0.663408 0.317000 0.019553 0.014000
15 0.682961 0.281000 0.019553 0.014000
15 0.664804 0.280000 0.011173 0.012000
15 0.743017 0.263000 0.027933 0.018000
15 0.755587 0.281000 0.019553 0.014000
15 0.719274 0.250000 0.019553 0.012000
15 0.723464 0.267000 0.016760 0.018000
15 0.691341 0.261000 0.019553 0.014000
15 0.671788 0.258000 0.013966 0.012000
15 0.727654 0.121000 0.019553 0.018000
15 0.712291 0.111000 0.016760 0.014000
15 0.695531 0.091000 0.011173 0.018000
15 0.702514 0.102000 0.025140 0.012000
16 0.703911 0.121000 0.055866 0.090000
16 0.645251 0.024000 0.128492 0.044000
16 0.247207 0.040000 0.220670 0.072000
16 0.103352 0.041000 0.094972 0.070000
16 0.044693 0.429000 0.072626 0.306000
16 0.699721 0.285000 0.136872 0.102000
16 0.558659 0.700000 0.106145 0.064000
16 0.705307 0.684000 0.081006 0.040000
16 0.505587 0.813000 0.139665 0.122000
