15 0.523810 0.397000 0.063492 0.018000
15 0.464286 0.273000 0.071429 0.022000
15 0.357143 0.281000 0.111111 0.018000
15 0.357143 0.254000 0.079365 0.016000
15 0.261905 0.280000 0.079365 0.016000
15 0.214286 0.328000 0.079365 0.012000
15 0.198413 0.303000 0.111111 0.030000
15 0.150794 0.275000 0.095238 0.018000
15 0.261905 0.265000 0.079365 0.010000
15 0.468254 0.217000 0.079365 0.022000
15 0.468254 0.184000 0.047619 0.016000
15 0.119048 0.234000 0.126984 0.028000
15 0.198413 0.227000 0.095238 0.026000
15 0.123016 0.214000 0.055556 0.012000
15 0.289683 0.204000 0.071429 0.020000
15 0.150794 0.183000 0.111111 0.034000
15 0.214286 0.185000 0.111111 0.026000
15 0.587302 0.203000 0.063492 0.018000
15 0.670635 0.215000 0.055556 0.022000
15 0.841270 0.234000 0.063492 0.020000
15 0.825397 0.215000 0.047619 0.014000
15 0.821429 0.202000 0.039683 0.012000
15 0.837302 0.185000 0.039683 0.022000
15 0.666667 0.173000 0.079365 0.034000
15 0.761905 0.174000 0.063492 0.028000
15 0.793651 0.168000 0.031746 0.016000
15 0.388889 0.158000 0.111111 0.016000
15 0.246032 0.155000 0.126984 0.022000
15 0.166667 0.118000 0.095238 0.016000
15 0.186508 0.134000 0.055556 0.012000
15 0.670635 0.138000 0.055556 0.012000
15 0.730159 0.149000 0.063492 0.022000
15 0.527778 0.140000 0.055556 0.028000
15 0.468254 0.140000 0.047619 0.016000
15 0.388889 0.141000 0.063492 0.018000
15 0.373016 0.129000 0.079365 0.010000
15 0.246032 0.117000 0.079365 0.026000
15 0.293651 0.074000 0.111111 0.016000
15 0.325397 0.095000 0.063492 0.014000
15 0.293651 0.108000 0.095238 0.020000
15 0.448413 0.077000 0.055556 0.026000
15 0.404762 0.082000 0.063492 0.024000
15 0.388889 0.114000 0.047619 0.012000
15 0.523810 0.083000 0.047619 0.034000
15 0.559524 0.087000 0.055556 0.014000
15 0.587302 0.098000 0.063492 0.016000
15 0.571429 0.119000 0.047619 0.014000
15 0.650794 0.128000 0.079365 0.016000
15 0.480159 0.117000 0.055556 0.014000
16 0.503968 0.184000 0.801587 0.252000
