15 0.791000 0.212000 0.006000 0.008000
15 0.802000 0.210667 0.012000 0.010667
15 0.791000 0.222667 0.010000 0.013333
15 0.813000 0.218667 0.010000 0.010667
15 0.818000 0.234667 0.008000 0.010667
15 0.264000 0.306667 0.004000 0.010667
15 0.257000 0.302667 0.010000 0.002667
15 0.290000 0.282667 0.008000 0.010667
15 0.280000 0.274667 0.012000 0.010667
15 0.268000 0.281333 0.008000 0.008000
15 0.372000 0.350667 0.008000 0.013333
15 0.317000 0.078667 0.010000 0.008000
15 0.302000 0.082667 0.012000 0.005333
16 0.310000 0.089333 0.036000 0.045333
16 0.367000 0.354667 0.034000 0.048000
16 0.332000 0.380000 0.024000 0.029333
16 0.279000 0.278667 0.034000 0.050667
16 0.258000 0.308000 0.032000 0.034667
16 0.805000 0.228000 0.054000 0.077333
