15 0.693023 0.471000 0.037209 0.022000
15 0.730233 0.477000 0.037209 0.026000
15 0.718605 0.431000 0.032558 0.014000
15 0.753488 0.433000 0.037209 0.010000
15 0.351163 0.181000 0.032558 0.014000
15 0.381395 0.182000 0.027907 0.016000
15 0.413953 0.184000 0.027907 0.016000
15 0.460465 0.098000 0.027907 0.016000
15 0.490698 0.090000 0.023256 0.016000
15 0.509302 0.094000 0.023256 0.016000
15 0.539535 0.100000 0.027907 0.020000
16 0.488372 0.104000 0.139535 0.064000
16 0.369767 0.195000 0.106977 0.042000
16 0.741860 0.435000 0.097674 0.050000
16 0.658140 0.399000 0.097674 0.046000
