15 0.190000 0.430667 0.024000 0.040000
15 0.159000 0.442667 0.010000 0.016000
15 0.230000 0.406667 0.012000 0.024000
15 0.245000 0.414667 0.010000 0.018667
15 0.248000 0.398667 0.016000 0.018667
15 0.241000 0.386667 0.014000 0.010667
15 0.243000 0.362667 0.010000 0.016000
15 0.230000 0.350667 0.012000 0.018667
15 0.227000 0.318667 0.018000 0.024000
15 0.188000 0.318667 0.020000 0.029333
15 0.171000 0.326667 0.014000 0.018667
15 0.170000 0.342667 0.016000 0.034667
15 0.166000 0.362667 0.024000 0.032000
15 0.160000 0.378667 0.016000 0.021333
15 0.155000 0.394667 0.022000 0.026667
15 0.159000 0.414667 0.018000 0.029333
15 0.810000 0.610667 0.012000 0.016000
15 0.811000 0.590667 0.010000 0.013333
15 0.810000 0.578667 0.012000 0.010667
15 0.836000 0.594667 0.008000 0.010667
15 0.836000 0.582667 0.012000 0.013333
15 0.858000 0.614667 0.012000 0.013333
15 0.861000 0.600000 0.010000 0.016000
15 0.869000 0.570667 0.010000 0.021333
15 0.848000 0.582667 0.008000 0.013333
15 0.850000 0.570667 0.008000 0.016000
15 0.848000 0.550667 0.008000 0.013333
15 0.849000 0.534667 0.010000 0.018667
15 0.860000 0.530667 0.008000 0.021333
15 0.867000 0.538667 0.010000 0.010667
15 0.849000 0.502667 0.010000 0.024000
15 0.858000 0.504000 0.008000 0.016000
15 0.862000 0.510667 0.008000 0.013333
15 0.843000 0.478667 0.014000 0.013333
15 0.835000 0.514667 0.010000 0.010667
15 0.837000 0.534667 0.010000 0.013333
15 0.836000 0.546667 0.008000 0.010667
15 0.838000 0.570667 0.012000 0.021333
15 0.824000 0.578667 0.012000 0.010667
15 0.827000 0.566667 0.018000 0.018667
15 0.824000 0.546667 0.008000 0.016000
15 0.823000 0.530667 0.010000 0.016000
15 0.823000 0.506667 0.006000 0.010667
15 0.810000 0.554667 0.008000 0.021333
15 0.808000 0.530667 0.012000 0.016000
15 0.812000 0.518667 0.012000 0.013333
15 0.811000 0.506667 0.010000 0.010667
15 0.810000 0.486667 0.012000 0.018667
15 0.795000 0.490667 0.010000 0.010667
15 0.795000 0.508000 0.018000 0.024000
15 0.789000 0.522667 0.018000 0.016000
15 0.787000 0.534667 0.018000 0.018667
15 0.570000 0.794667 0.016000 0.010667
15 0.721000 0.790667 0.010000 0.008000
16 0.201000 0.374667 0.114000 0.189333
16 0.832000 0.548000 0.140000 0.168000
16 0.318000 0.698667 0.016000 0.016000
16 0.295000 0.762667 0.018000 0.016000
16 0.346000 0.804000 0.020000 0.024000
16 0.583000 0.748000 0.018000 0.024000
16 0.565000 0.797333 0.014000 0.016000
16 0.718000 0.792000 0.020000 0.026667
16 0.748000 0.760000 0.016000 0.021333
16 0.767000 0.838667 0.022000 0.024000
16 0.886000 0.794667 0.020000 0.021333
